step,A0read,A1read,A2read
0,0,252,273
50,252,249,270
100,251,251,272
150,253,253,273
200,254,254,274
250,254,254,274
300,253,252,272
350,251,251,271
400,250,249,270
450,252,251,271
500,252,252,273
550,253,254,274
600,254,254,274
650,254,253,274
700,253,251,272
750,249,246,271
800,246,239,270
850,234,225,272
900,226,181,273
950,182,113,274
1000,27,7,274
1001,7,7,273
1002,7,7,272
1003,7,7,270
1004,6,7,271
1005,6,6,273
1006,6,6,273
1007,6,7,274
1008,6,7,274
1009,6,5,272
1010,6,5,270
1011,5,6,270
1012,6,5,272
1013,5,5,273
1014,5,6,274
1015,5,5,274
1016,6,5,274
1017,6,6,272
1018,5,6,270
1019,6,5,270
1020,5,5,272
1021,5,5,273
1022,5,5,274
1023,5,5,274
1024,5,5,274
1025,4,5,272
1026,5,4,271
1027,4,4,270
1028,4,4,272
1029,5,5,274
1030,4,4,274
1031,4,4,275
1032,5,4,273
1033,4,4,272
1034,4,4,270
1035,4,4,271
1036,4,4,272
1037,4,4,274
1038,4,4,274
1039,4,4,272
1040,4,4,270
1041,4,4,271
1042,4,3,272
1043,4,4,273
1044,4,4,274
1045,4,4,272
1046,2,3,270
1047,3,4,271
1048,3,3,272
1049,4,3,273
1050,3,4,275
1051,3,3,274
1052,3,3,273
1053,3,3,271
1054,3,3,270
1055,3,3,272
1056,3,3,273
1057,3,3,274
1058,3,4,274
1059,3,4,274
1060,3,2,273
1061,3,3,271
1062,3,3,270
1063,3,3,271
1064,3,3,273
1065,3,3,274
1066,3,3,275
1067,3,3,274
1068,3,3,272
1069,2,3,270
1070,3,3,272
1071,2,3,273
1072,2,3,274
1073,3,2,274
1074,2,2,274
1075,2,3,272
1076,3,2,271
1077,3,2,271
1078,2,3,272
1079,2,2,274
1080,2,3,274
1081,3,3,275
1082,3,3,273
1083,2,2,272
1084,2,2,270
1085,2,2,271
1086,2,1,272
1087,2,2,274
1088,2,2,274
1089,2,2,274
1090,2,3,273
1091,1,2,272
1092,2,2,270
1093,2,2,272
1094,2,2,273
1095,2,2,274
1096,2,3,274
1097,2,2,274
1098,2,2,271
1099,2,2,270
1100,2,2,272
1101,1,2,273
1102,2,2,274
1103,2,2,275
1104,2,2,274
1105,2,2,272
1106,2,2,270
1107,2,3,271
1108,2,2,272
1109,2,2,274
1110,2,2,275
1111,2,2,275
1112,2,2,273
1113,1,2,272
1114,2,2,271
1115,2,1,272
1116,1,2,273
1117,2,2,274
1118,2,2,275
1119,1,3,274
1120,2,1,273
1121,2,1,271
1122,2,2,270
1123,1,2,272
1124,1,1,273
1125,1,2,274
1126,2,1,274
1127,2,2,274
1128,1,2,273
1129,1,2,271
1130,1,2,270
1131,1,1,272
1132,1,2,273
1133,2,2,275
1134,1,1,275
1135,1,2,274
1136,2,1,272
1137,1,1,271
1138,1,1,272
1139,1,2,272
1140,1,2,273
1141,1,2,275
1142,2,2,275
1143,2,1,274
1144,1,1,272
1145,2,2,270
1146,1,1,271
1147,1,1,272
1148,1,1,274
1149,1,1,275
1150,1,1,275
1151,1,1,274
1152,2,1,272
1153,2,2,270
1154,1,2,272
1155,1,1,273
1156,1,2,274
1157,1,1,275
1158,1,1,273
1159,1,2,271
1160,1,2,270
1161,1,1,272
1162,1,1,273
1163,1,2,274
1164,1,1,275
1165,1,2,275
1166,1,2,272
1167,1,1,271
1168,1,1,270
1169,1,1,272
1170,1,1,273
1171,1,1,275
1172,1,1,275
1173,1,1,274
1174,1,1,272
1175,1,1,271
1176,1,1,271
1177,1,1,272
1178,1,1,274
1179,1,1,275
1180,2,1,275
1181,1,1,274
1182,1,1,273
1183,1,1,270
1184,1,1,272
1185,1,2,273
1186,1,1,274
1187,1,1,275
1188,1,1,275
1189,1,1,274
1190,1,1,272
1191,1,1,270
1192,1,0,272
1193,1,1,273
1194,1,2,274
1195,2,1,275
1196,1,1,275
1197,1,1,274
1198,1,1,271
1199,1,1,270
1200,1,1,272
1201,1,1,273
1202,1,1,275
1203,1,1,275
1204,1,1,275
1205,1,1,273
1206,1,1,271
1207,1,1,270
1208,1,1,273
1209,1,1,273
1210,0,1,275
1211,1,1,275
1212,1,1,275
1213,0,1,273
1214,1,1,271
1215,1,1,271
1216,1,2,272
1217,1,1,275
1218,1,1,275
1219,1,1,274
1220,2,0,272
1221,1,0,271
1222,1,1,272
1223,1,1,273
1224,1,1,274
1225,1,1,275
1226,1,0,275
1227,1,1,274
1228,1,1,272
1229,1,1,270
1230,1,1,272
1231,1,1,273
1232,1,0,274
1233,1,1,275
1234,1,1,275
1235,1,1,273
1236,1,1,271
1237,1,1,272
1238,1,1,273
1239,1,1,274
1240,1,1,275
1241,1,1,275
1242,1,1,274
1243,1,1,273
1244,1,1,271
1245,1,1,273
1246,1,1,273
1247,1,1,274
1248,1,0,275
1249,1,1,275
1250,1,1,274
1251,0,1,272
1252,1,1,271
1253,1,1,272
1254,1,1,273
1255,1,1,274
1256,1,1,275
1257,0,1,275
1258,1,1,273
1259,1,1,272
1260,1,1,271
1261,1,0,272
1262,1,1,274
1263,1,1,275
1264,1,1,276
1265,1,1,275
1266,1,1,274
1267,1,1,272
1268,1,1,271
1269,0,0,273
1270,1,1,274
1271,0,1,275
1272,1,1,275
1273,1,1,275
1274,1,1,273
1275,1,1,271
1276,1,1,271
1277,0,1,274
1278,1,1,275
1279,0,1,276
1280,1,1,274
1281,1,1,273
1282,0,1,271
1283,0,0,272
1284,1,1,273
1285,1,1,274
1286,1,0,275
1287,1,1,276
1288,1,1,274
1289,1,1,272
1290,0,1,271
1291,1,1,272
1292,1,1,273
1293,0,1,274
1294,1,0,275
1295,0,1,275
1296,1,1,273
1297,1,1,272
1298,1,1,271
1299,0,1,273
1300,1,0,274
1301,1,0,275
1302,1,1,275
1303,1,1,275
1304,1,1,273
1305,0,1,272
1306,1,1,271
1307,1,1,273
1308,1,1,274
1309,1,0,275
1310,1,0,275
1311,1,1,275
1312,0,1,273
1313,0,0,272
1314,1,1,271
1315,0,0,273
1316,1,1,274
1317,1,1,275
1318,0,1,275
1319,1,1,274
1320,0,1,273
1321,1,0,272
1322,1,0,272
1323,0,1,273
1324,1,1,274
1325,1,1,276
1326,1,1,276
1327,0,0,275
1328,1,0,273
1329,1,1,272
1330,1,1,272
1331,1,0,273
1332,0,1,275
1333,1,1,275
1334,0,1,276
1335,1,1,274
1336,0,0,273
1337,0,0,273
1338,0,1,275
1339,1,1,275
1340,1,0,275
1341,0,0,274
1342,1,0,273
1343,1,0,272
1344,0,0,272
1345,0,1,274
1346,0,1,275
1347,1,1,276
1348,1,1,276
1349,0,1,274
1350,1,1,273
1351,1,1,271
1352,1,1,272
1353,1,0,273
1354,1,1,275
1355,0,0,275
1356,0,1,275
1357,0,1,274
1358,0,0,272
1359,1,0,271
1360,1,1,272
1361,0,1,274
1362,1,1,274
1363,1,1,275
1364,0,1,275
1365,1,1,274
1366,0,1,272
1367,0,0,271
1368,0,0,273
1369,1,1,274
1370,1,1,275
1371,0,1,275
1372,1,1,275
1373,1,0,274
1374,0,1,272
1375,0,0,271
1376,1,0,273
1377,1,0,274
1378,1,0,275
1379,1,0,275
1380,0,1,275
1381,0,1,273
1382,1,1,271
1383,1,1,272
1384,0,1,273
1385,1,0,274
1386,1,1,275
1387,1,1,276
1388,1,0,275
1389,1,1,273
1390,1,1,271
1391,0,1,272
1392,0,0,273
1393,0,1,275
1394,1,0,276
1395,0,0,275
1396,0,1,272
1397,0,1,271
1398,0,1,273
1399,0,1,274
1400,1,1,275
1401,0,1,276
1402,1,0,275
1403,0,0,274
1404,1,0,272
1405,0,0,271
1406,1,1,273
1407,1,0,274
1408,1,1,275
1409,1,1,275
1410,0,1,275
1411,0,0,273
1412,1,1,272
1413,0,0,271
1414,1,1,273
1415,0,0,274
1416,1,1,275
1417,0,1,274
1418,0,0,271
1419,0,0,272
1420,0,0,274
1421,1,1,275
1422,0,1,275
1423,1,0,275
1424,0,0,274
1425,0,1,272
1426,1,1,271
1427,0,1,273
1428,1,1,275
1429,1,1,276
1430,0,1,273
1431,0,0,271
1432,0,1,273
1433,0,0,275
1434,0,1,276
1435,0,1,275
1436,1,0,273
1437,1,0,271
1438,1,0,272
1439,1,1,274
1440,0,0,275
1441,0,1,275
1442,0,0,273
1443,1,0,271
1444,0,0,274
1445,1,0,275
1446,1,0,275
1447,0,1,275
1448,0,1,273
1449,0,1,271
1450,0,1,272
1451,0,1,274
1452,1,1,275
1453,1,1,275
1454,1,0,273
1455,0,0,273
1456,0,1,275
1457,0,1,273
1458,1,0,271
1459,0,1,274
1460,0,1,275
1461,1,1,275
1462,0,1,273
1463,0,0,274
1464,0,1,275
1465,0,1,274
1466,1,0,273
1467,0,1,271
1468,1,0,273
1469,0,1,274
1470,0,1,275
1471,1,1,275
1472,1,1,273
1473,0,1,271
1474,1,0,273
1475,0,1,274
1476,1,0,275
1477,0,1,275
1478,1,0,274
1479,1,1,272
1480,1,1,271
1481,0,1,273
1482,1,1,274
1483,1,1,275
1484,1,1,275
1485,0,1,273
1486,0,0,271
1487,1,0,273
1488,0,1,275
1489,0,1,275
1490,1,1,275
1491,1,1,274
1492,0,0,271
1493,0,1,272
1494,1,0,274
1495,1,0,275
1496,0,1,275
1497,0,1,275
1498,0,1,273
1499,0,1,271
1500,0,1,272
1501,0,0,274
1502,0,1,275
1503,0,0,276
1504,1,0,274
1505,0,0,272
1506,1,1,271
1507,0,1,273
1508,1,1,275
1509,0,1,276
1510,0,1,271
1511,0,1,273
1512,0,1,275
1513,1,0,275
1514,0,1,274
1515,1,1,272
1516,0,0,273
1517,0,1,275
1518,1,1,276
1519,0,0,275
1520,1,0,274
1521,0,1,272
1522,0,0,271
1523,0,1,272
1524,0,1,274
1525,0,0,275
1526,0,1,276
1527,1,1,275
1528,1,0,273
1529,0,0,272
1530,0,0,271
1531,0,1,273
1532,0,0,274
1533,0,1,275
1534,0,1,276
1535,0,0,276
1536,0,1,273
1537,0,0,272
1538,0,0,272
1539,0,1,273
1540,0,0,274
1541,1,0,275
1542,0,0,276
1543,0,0,275
1544,0,0,273
1545,1,0,272
1546,1,1,272
1547,1,1,273
1548,1,1,274
1549,1,1,276
1550,0,0,276
1551,0,1,275
1552,0,0,273
1553,0,0,271
1554,0,0,271
1555,0,1,273
1556,0,1,274
1557,1,1,275
1558,0,1,276
1559,0,1,275
1560,1,1,272
1561,1,1,271
1562,0,0,272
1563,1,0,273
1564,0,1,275
1565,1,0,275
1566,0,1,275
1567,0,1,274
1568,1,0,272
1569,0,1,271
1570,0,1,272
1571,0,0,274
1572,0,1,275
1573,0,1,275
1574,0,0,276
1575,0,0,272
1576,0,1,271
1577,0,0,273
1578,0,0,274
1579,1,1,275
1580,1,1,276
1581,0,1,275
1582,0,1,273
1583,0,0,272
1584,0,0,271
1585,0,1,273
1586,0,1,274
1587,0,0,275
1588,0,0,276
1589,0,0,275
1590,1,1,273
1591,1,1,271
1592,0,1,272
1593,1,1,273
1594,0,1,275
1595,0,1,275
1596,1,0,275
1597,0,1,275
1598,0,1,273
1599,1,0,271
1600,0,0,272
1601,0,0,273
1602,1,1,275
1603,0,0,275
1604,0,1,275
1605,0,1,274
1606,0,0,272
1607,0,0,271
1608,0,0,272
1609,1,0,273
1610,0,1,275
1611,0,0,275
1612,0,0,276
1613,0,1,274
1614,0,1,272
1615,1,0,271
1616,1,1,272
1617,0,0,274
1618,0,0,275
1619,0,1,275
1620,0,1,275
1621,0,0,274
1622,0,1,272
1623,0,1,271
1624,1,0,273
1625,0,0,274
1626,0,1,275
1627,0,0,276
1628,0,1,275
1629,1,1,273
1630,0,0,272
1631,0,1,271
1632,1,1,273
1633,0,0,274
1634,0,0,275
1635,0,0,275
1636,0,1,273
1637,1,1,271
1638,0,0,271
1639,0,1,273
1640,0,1,274
1641,1,0,275
1642,1,1,275
1643,1,0,275
1644,0,0,273
1645,0,1,271
1646,0,1,272
1647,0,0,273
1648,1,1,274
1649,0,1,276
1650,0,0,276
1651,0,1,274
1652,0,0,273
1653,0,1,271
1654,0,0,272
1655,1,1,273
1656,1,1,274
1657,0,1,275
1658,0,1,276
1659,0,0,274
1660,0,1,273
1661,0,0,271
1662,0,0,273
1663,0,0,274
1664,0,0,274
1665,0,1,275
1666,0,0,276
1667,0,1,274
1668,1,1,272
1669,0,0,271
1670,0,1,273
1671,0,1,274
1672,1,0,275
1673,1,0,275
1674,0,1,276
1675,0,1,274
1676,0,0,272
1677,1,1,271
1678,0,1,273
1679,0,1,274
1680,0,1,275
1681,0,0,276
1682,1,0,275
1683,0,1,273
1684,0,0,272
1685,0,0,271
1686,1,1,273
1687,0,0,274
1688,1,0,275
1689,1,1,275
1690,0,1,275
1691,0,1,273
1692,0,0,272
1693,0,0,271
1694,0,0,273
1695,0,0,275
1696,0,1,275
1697,1,1,275
1698,1,0,273
1699,0,1,271
1700,0,1,272
1701,1,0,273
1702,0,1,274
1703,1,0,275
1704,0,0,275
1705,0,1,274
1706,0,0,273
1707,1,0,271
1708,0,1,272
1709,0,1,274
1710,0,0,275
1711,0,1,276
1712,1,0,275
1713,0,0,274
1714,0,1,273
1715,0,1,271
1716,1,0,272
1717,0,1,274
1718,0,0,275
1719,0,0,275
1720,1,1,275
1721,1,0,274
1722,0,0,272
1723,0,1,271
1724,1,0,273
1725,0,1,274
1726,0,1,275
1727,0,0,275
1728,0,1,275
1729,0,0,274
1730,0,0,272
1731,1,1,271
1732,0,1,272
1733,0,0,274
1734,1,1,275
1735,1,0,276
1736,0,1,275
1737,0,1,274
1738,0,1,271
1739,1,1,271
1740,0,0,272
1741,0,0,274
1742,0,0,275
1743,1,0,275
1744,0,0,275
1745,1,0,273
1746,0,1,272
1747,0,0,271
1748,0,0,273
1749,0,1,275
1750,1,0,276
1751,0,1,276
1752,0,1,274
1753,0,1,273
1754,0,1,273
1755,0,1,274
1756,0,0,275
1757,1,0,275
1758,1,1,275
1759,0,0,273
1760,0,0,272
1761,1,1,272
1762,0,0,273
1763,0,0,275
1764,1,1,275
1765,0,1,275
1766,0,1,275
1767,0,0,273
1768,0,1,272
1769,1,1,273
1770,1,0,273
1771,0,0,274
1772,0,0,276
1773,1,1,276
1774,0,1,275
1775,0,1,273
1776,0,1,271
1777,0,0,272
1778,0,0,273
1779,1,0,275
1780,0,0,276
1781,0,1,276
1782,0,0,274
1783,0,0,272
1784,0,0,271
1785,0,0,273
1786,0,0,274
1787,0,1,275
1788,0,1,275
1789,0,0,275
1790,1,1,273
1791,1,0,272
1792,0,1,271
1793,0,1,273
1794,0,1,274
1795,0,1,275
1796,0,0,276
1797,0,0,274
1798,0,0,273
1799,0,0,271
1800,0,0,273
1801,0,0,273
1802,1,0,275
1803,0,0,276
1804,0,0,275
1805,1,0,274
1806,0,0,272
1807,0,0,271
1808,0,1,273
1809,0,1,274
1810,1,1,275
1811,1,0,276
1812,0,1,275
1813,0,0,274
1814,0,0,271
1815,0,0,274
1816,1,1,274
1817,0,1,275
1818,0,1,275
1819,0,0,275
1820,0,0,273
1821,0,1,272
1822,0,0,272
1823,0,0,273
1824,0,1,275
1825,1,0,276
1826,1,1,276
1827,0,0,275
1828,1,0,273
1829,1,1,271
1830,0,1,272
1831,1,0,274
1832,0,1,275
1833,0,0,275
1834,0,1,275
1835,0,1,274
1836,0,0,272
1837,1,0,271
1838,1,0,272
1839,1,0,274
1840,0,1,275
1841,1,0,275
1842,0,1,276
1843,0,1,273
1844,1,0,272
1845,0,1,271
1846,1,1,273
1847,0,1,274
1848,0,0,275
1849,0,1,276
1850,0,0,275
1851,0,1,274
1852,0,1,272
1853,0,0,271
1854,1,0,273
1855,1,1,274
1856,0,1,275
1857,0,1,276
1858,0,1,275
1859,0,0,274
1860,1,1,271
1861,1,1,271
1862,0,0,273
1863,0,0,274
1864,0,0,275
1865,0,0,276
1866,0,0,275
1867,0,1,273
1868,0,1,272
1869,0,1,271
1870,0,1,273
1871,0,0,274
1872,0,0,275
1873,0,1,275
1874,0,0,273
1875,1,0,271
1876,1,0,273
1877,0,0,274
1878,0,0,274
1879,0,-1,275
1880,1,1,275
1881,0,0,274
1882,0,1,272
1883,0,1,271
1884,0,1,272
1885,0,1,274
1886,0,1,275
1887,0,0,276
1888,0,0,275
1889,0,0,274
1890,0,0,272
1891,0,0,271
1892,0,0,273
1893,0,1,274
1894,0,0,275
1895,0,1,275
1896,0,0,275
1897,1,0,274
1898,1,1,272
1899,0,0,271
1900,0,0,273
1901,1,0,274
1902,0,1,276
1903,0,1,275
1904,0,0,272
1905,0,1,275
1906,0,0,276
1907,0,1,275
1908,0,0,272
1909,0,0,271
1910,1,1,273
1911,0,0,274
1912,1,1,275
1913,0,0,276
1914,0,0,275
1915,0,0,273
1916,0,0,271
1917,0,0,273
1918,1,0,275
1919,0,1,271
1920,0,0,272
1921,1,1,275
1922,0,1,275
1923,1,0,275
1924,0,0,273
1925,0,1,271
1926,0,0,273
1927,0,0,274
1928,1,0,275
1929,0,1,275
1930,0,0,271
1931,0,1,273
1932,0,0,274
1933,0,1,275
1934,0,0,273
1935,0,0,270
1936,0,0,274
1937,1,1,275
1938,0,0,276
1939,1,1,274
1940,0,1,272
1941,1,1,271
1942,0,1,273
1943,0,1,274
1944,0,1,275
1945,0,0,275
1946,0,1,275
1947,0,1,272
1948,0,0,272
1949,0,0,273
1950,0,0,274
1951,0,1,275
1952,0,1,275
1953,0,0,274
1954,0,1,272
1955,1,1,271
1956,0,0,273
1957,0,1,275
1958,0,0,275
1959,1,1,275
1960,0,0,274
1961,0,0,271
1962,1,0,271
1963,1,1,273
1964,0,1,275
1965,0,0,275
1966,0,1,275
1967,1,1,275
1968,0,0,273
1969,0,1,271
1970,0,1,272
1971,0,0,273
1972,0,0,275
1973,0,1,276
1974,1,0,275
1975,0,0,274
1976,0,1,272
1977,1,0,271
1978,0,1,273
1979,1,0,274
1980,0,1,275
1981,0,0,275
1982,0,0,274
1983,1,1,272
1984,0,1,271
1985,0,1,273
1986,0,0,274
1987,1,1,275
1988,0,0,275
1989,0,0,273
1990,0,0,271
1991,0,0,272
1992,0,1,274
1993,1,1,275
1994,0,0,274
1995,1,1,272
1996,0,0,271
1997,0,1,273
1998,0,0,274
1999,1,0,275
2000,0,0,275
2001,1,0,274
2002,0,0,272
2003,0,0,271
2004,0,1,273
2005,0,0,274
2006,0,0,275
2007,0,0,276
2008,0,0,275
2009,0,0,273
2010,1,1,271
2011,0,1,272
2012,0,1,274
2013,0,0,275
2014,1,0,275
2015,0,0,274
2016,0,0,272
2017,0,1,272
2018,0,1,274
2019,0,0,275
2020,0,0,275
2021,0,1,275
2022,0,0,272
2023,0,1,271
2024,0,0,273
2025,0,1,275
2026,1,1,275
2027,0,1,275
2028,0,1,272
2029,0,0,271
2030,0,0,274
2031,0,0,275
2032,1,0,275
2033,0,1,273
2034,0,1,271
2035,1,0,273
2036,1,1,274
2037,0,0,276
2038,1,1,275
2039,0,0,272
2040,0,1,271
2041,1,0,272
2042,0,1,273
2043,0,0,275
2044,0,0,275
2045,0,0,276
2046,1,1,274
2047,0,0,272
2048,0,1,271
2049,1,0,273
2050,0,0,274
2051,0,1,275
2052,1,0,275
2053,0,1,273
2054,0,0,274
2055,0,1,275
2056,0,0,275
2057,1,0,274
2058,0,1,272
2059,0,0,271
2060,0,1,273
2061,0,1,274
2062,0,0,275
2063,0,1,275
2064,1,0,275
2065,0,1,272
2066,0,0,271
2067,0,0,272
2068,1,0,274
2069,0,0,275
2070,0,0,275
2071,0,0,275
2072,1,0,273
2073,0,1,271
2074,0,0,272
2075,1,1,274
2076,0,0,275
2077,1,1,275
2078,0,0,275
2079,1,0,272
2080,0,1,271
2081,0,0,273
2082,0,0,274
2083,0,0,275
2084,0,0,275
2085,0,0,275
2086,0,0,273
2087,0,1,271
2088,0,0,272
2089,1,1,274
2090,0,0,275
2091,0,0,275
2092,0,0,275
2093,0,1,273
2094,0,0,271
2095,0,0,272
2096,0,0,273
2097,0,1,274
2098,0,0,275
2099,0,0,275
2100,0,0,274
2101,0,1,272
2102,0,1,272
2103,0,0,273
2104,0,1,275
2105,0,1,275
2106,0,1,275
2107,0,0,274
2108,0,1,271
2109,0,0,272
2110,0,0,273
2111,0,1,275
2112,0,0,275
2113,0,0,273
2114,0,0,271
2115,1,1,270
2116,1,0,273
2117,0,0,275
2118,1,0,275
2119,0,1,275
2120,0,0,274
2121,0,0,272
2122,0,1,271
2123,0,0,273
2124,0,1,274
2125,0,0,276
2126,0,0,275
2127,0,1,274
2128,0,1,272
2129,0,0,272
2130,0,1,273
2131,0,0,274
2132,0,0,275
2133,0,1,275
2134,0,0,274
2135,0,0,272
2136,0,0,271
2137,0,0,272
2138,0,1,274
2139,0,0,275
2140,0,1,275
2141,0,0,275
2142,0,1,273
2143,0,0,271
2144,0,1,272
2145,0,0,274
2146,0,0,275
2147,0,1,276
2148,1,1,275
2149,0,0,274
2150,1,1,271
2151,0,0,272
2152,0,0,274
2153,0,1,275
2154,0,0,275
2155,0,1,275
2156,1,0,273
2157,0,1,272
2158,0,0,272
2159,0,1,274
2160,0,0,275
2161,0,1,276
2162,1,0,275
2163,0,0,273
2164,0,1,272
2165,3,0,272
2166,4,1,274
2167,3,1,275
2168,3,0,275
2169,3,1,275
2170,3,0,274
2171,3,1,272
2172,3,0,274
2173,3,1,275
2174,3,1,275
2175,3,0,274
2176,3,1,273
2177,3,0,271
2178,3,1,272
2179,3,0,274
2180,3,1,275
2181,3,1,276
2182,3,1,275
2183,3,1,273
2184,2,1,271
2185,2,1,271
2186,3,1,273
2187,3,1,275
2188,3,1,275
2189,3,1,275
2190,3,0,274
2191,3,1,273
2192,3,1,271
2193,3,1,273
2194,3,0,274
2195,3,1,275
2196,3,1,276
2197,3,1,275
2198,3,1,273
2199,3,1,271
2200,3,1,272
2201,3,0,274
2202,3,1,275
2203,3,1,275
2204,3,1,273
2205,3,1,271
2206,3,0,272
2207,3,1,274
2208,3,1,275
2209,3,1,275
2210,3,1,273
2211,3,1,272
2212,3,1,272
2213,3,0,273
2214,3,1,275
2215,3,1,276
2216,3,1,275
2217,3,1,273
2218,3,0,271
2219,3,1,272
2220,3,1,274
2221,3,0,275
2222,3,0,276
2223,3,1,274
2224,3,1,272
2225,3,1,272
2226,3,1,273
2227,3,1,275
2228,3,1,276
2229,3,0,274
2230,3,0,272
2231,3,0,274
2232,3,1,275
2233,0,0,276
2234,0,0,274
2235,0,0,272
2236,0,1,272
2237,0,0,274
2238,0,0,275
2239,0,0,275
2240,0,0,275
2241,0,1,272
2242,0,1,270
2243,0,1,273
2244,0,1,275
2245,1,0,275
2246,1,0,274
2247,0,0,271
2248,0,0,272
2249,0,0,274
2250,0,0,275
2251,0,0,276
2252,0,1,273
2253,0,0,271
2254,0,0,273
2255,0,0,274
2256,0,1,276
2257,0,0,274
2258,0,0,273
2259,0,0,271
2260,0,0,273
2261,1,0,275
2262,0,0,276
2263,0,1,275
2264,0,0,273
2265,0,1,271
2266,0,1,273
2267,0,0,274
2268,0,1,275
2269,0,0,275
2270,0,0,274
2271,0,0,272
2272,0,1,272
2273,0,0,273
2274,0,0,276
2275,0,0,275
2276,0,0,274
2277,0,1,272
2278,1,0,271
2279,0,0,273
2280,0,1,275
2281,0,1,276
2282,0,1,275
2283,0,1,272
2284,0,1,271
2285,0,0,273
2286,1,0,275
2287,0,1,276
2288,0,1,274
2289,0,0,271
2290,0,0,273
2291,0,1,275
2292,0,0,275
2293,0,1,273
2294,0,0,271
2295,0,1,273
2296,0,0,274
2297,0,1,275
2298,0,0,276
2299,1,1,274
2300,0,1,271
2301,0,0,272
2302,0,1,273
2303,0,0,275
2304,0,0,276
2305,0,1,274
2306,0,0,272
2307,1,0,271
2308,0,1,273
2309,0,0,275
2310,0,1,275
2311,0,0,274
2312,0,1,272
2313,0,1,272
2314,0,1,274
2315,0,1,275
2316,0,0,276
2317,0,0,274
2318,0,0,271
2319,0,1,273
2320,0,0,274
2321,0,0,275
2322,0,1,275
2323,0,0,273
2324,0,0,271
2325,0,0,273
2326,1,1,275
2327,0,1,275
2328,0,1,275
2329,0,0,272
2330,0,1,271
2331,0,0,273
2332,0,0,274
2333,1,0,275
2334,0,0,276
2335,0,0,273
2336,1,0,271
2337,0,0,272
2338,0,0,274
2339,0,0,275
2340,1,1,275
2341,0,1,273
2342,0,0,271
2343,1,1,272
2344,0,1,274
2345,0,0,275
2346,0,1,275
2347,0,1,275
2348,0,0,273
2349,1,0,271
2350,0,1,274
2351,0,0,275
2352,0,0,276
2353,1,1,273
2354,0,0,271
2355,0,0,272
2356,0,0,274
2357,0,1,276
2358,1,0,274
2359,0,0,272
2360,0,0,273
2361,0,0,274
2362,0,0,275
2363,0,0,275
2364,0,0,272
2365,0,0,271
2366,0,1,274
2367,0,0,275
2368,0,0,275
2369,0,0,274
2370,0,0,271
2371,0,1,272
2372,0,0,274
2373,0,0,275
2374,0,1,272
2375,0,1,272
2376,0,0,274
2377,0,1,274
2378,0,1,275
2379,0,1,275
2380,0,1,274
2381,0,0,272
2382,1,0,271
2383,0,1,274
2384,1,0,275
2385,1,0,275
2386,1,1,271
2387,0,0,274
2388,0,0,276
2389,1,0,275
2390,0,0,275
2391,0,0,272
2392,0,1,271
2393,0,0,272
2394,0,0,273
2395,0,1,275
2396,1,0,275
2397,0,0,273
2398,0,0,271
2399,1,0,272
2400,1,1,274
2401,0,0,276
2402,0,0,275
2403,0,0,274
2404,0,0,271
2405,0,0,272
2406,0,1,273
2407,0,1,274
2408,0,1,275
2409,0,1,275
2410,0,0,272
2411,0,0,271
2412,1,0,272
2413,0,0,274
2414,0,0,275
2415,0,0,275
2416,0,1,275
2417,0,1,273
2418,0,0,272
2419,0,0,271
2420,0,1,273
2421,0,0,274
2422,0,0,275
2423,0,0,276
2424,0,0,274
2425,0,1,273
2426,0,1,271
2427,0,0,272
2428,0,1,274
2429,0,1,275
2430,0,0,275
2431,0,1,275
2432,0,0,273
2433,0,1,272
2434,1,0,272
2435,0,0,273
2436,1,1,275
2437,0,0,276
2438,0,1,275
2439,0,1,274
2440,1,1,272
2441,1,0,271
2442,1,0,273
2443,1,0,274
2444,1,0,275
2445,0,1,275
2446,0,0,275
2447,1,1,273
2448,0,0,271
2449,0,1,272
2450,0,1,274
2451,0,0,275
2452,0,0,276
2453,0,1,274
2454,0,0,272
2455,0,1,271
2456,0,0,273
2457,0,0,274
2458,0,1,275
2459,0,0,275
2460,0,0,273
2461,0,0,271
2462,0,0,272
2463,0,0,274
2464,0,1,275
2465,0,1,275
2466,0,0,274
2467,0,0,272
2468,1,1,271
2469,0,0,273
2470,0,1,275
2471,0,0,275
2472,0,0,271
2473,0,0,271
2474,0,0,274
2475,1,0,275
2476,0,0,275
2477,0,1,274
2478,1,0,271
2479,0,1,273
2480,0,1,274
2481,0,0,275
2482,0,0,274
2483,0,0,272
2484,0,0,272
2485,1,1,274
2486,0,0,275
2487,1,0,276
2488,0,1,275
2489,0,0,273
2490,0,0,271
2491,1,0,273
2492,0,1,274
2493,0,0,275
2494,0,1,275
2495,0,1,274
2496,0,0,272
2497,0,0,272
2498,1,0,273
2499,0,0,274
2500,0,1,275
2501,0,1,275
2502,0,0,274
2503,0,0,271
2504,1,0,272
2505,0,0,274
2506,0,1,275
2507,0,1,275
2508,0,1,274
2509,0,1,272
2510,0,0,271
2511,0,0,273
2512,0,0,275
2513,0,0,275
2514,1,0,275
2515,1,0,274
2516,1,0,271
2517,0,0,272
2518,0,1,274
2519,1,0,275
2520,0,1,276
2521,0,0,275
2522,0,0,272
2523,0,0,271
2524,0,1,273
2525,0,0,275
2526,0,0,276
2527,0,0,275
2528,0,0,274
2529,1,1,272
2530,0,1,274
2531,0,0,275
2532,0,0,275
2533,0,0,274
2534,0,0,272
2535,0,1,271
2536,0,0,273
2537,0,0,275
2538,0,0,275
2539,0,-1,275
2540,1,0,274
2541,0,1,272
2542,0,1,274
2543,0,1,275
2544,0,0,275
2545,0,1,275
2546,0,0,273
2547,0,0,271
2548,1,1,272
2549,0,0,274
2550,0,1,275
2551,0,1,275
2552,0,0,274
2553,0,1,272
2554,0,0,271
2555,0,0,273
2556,0,0,275
2557,0,1,276
2558,0,0,275
2559,0,1,273
2560,0,0,272
2561,0,0,272
2562,0,1,273
2563,0,0,275
2564,0,1,275
2565,0,0,275
2566,0,0,273
2567,0,0,271
2568,0,1,273
2569,1,1,274
2570,0,1,275
2571,1,1,275
2572,0,0,274
2573,0,1,272
2574,0,0,272
2575,0,0,273
2576,0,1,275
2577,0,0,275
2578,0,0,275
2579,0,1,273
2580,0,0,271
2581,1,0,273
2582,0,1,274
2583,0,0,275
2584,0,0,275
2585,0,1,274
2586,0,0,272
2587,0,1,271
2588,0,0,273
2589,0,0,276
2590,0,0,275
2591,0,1,272
2592,0,1,271
2593,1,0,273
2594,1,1,274
2595,1,1,275
2596,0,1,275
2597,0,1,274
2598,0,0,271
2599,0,0,272
2600,0,0,273
2601,0,0,275
2602,0,0,275
2603,0,1,274
2604,0,0,272
2605,0,0,271
2606,0,1,273
2607,0,0,274
2608,0,0,275
2609,0,0,276
2610,0,1,274
2611,0,0,272
2612,1,1,272
2613,0,0,274
2614,1,1,275
2615,0,0,275
2616,0,0,275
2617,0,1,273
2618,0,0,271
2619,0,0,272
2620,0,0,274
2621,0,0,275
2622,0,1,275
2623,1,0,274
2624,0,1,272
2625,0,0,272
2626,0,1,273
2627,0,0,275
2628,0,0,276
2629,0,0,275
2630,0,1,273
2631,0,0,271
2632,0,1,272
2633,0,1,274
2634,1,0,275
2635,0,1,276
2636,1,0,274
2637,0,1,272
2638,1,0,271
2639,0,1,273
2640,1,0,274
2641,0,0,275
2642,1,1,275
2643,0,0,273
2644,0,1,271
2645,0,0,272
2646,0,0,274
2647,1,0,275
2648,0,0,275
2649,0,0,272
2650,1,1,271
2651,0,0,273
2652,0,0,274
2653,1,1,276
2654,0,1,275
2655,0,0,274
2656,0,1,272
2657,0,0,272
2658,0,0,274
2659,0,0,275
2660,1,0,275
2661,1,0,274
2662,0,1,272
2663,0,0,271
2664,0,0,273
2665,0,1,274
2666,0,0,275
2667,0,0,275
2668,1,1,274
2669,0,0,272
2670,1,0,271
2671,0,1,273
2672,0,0,275
2673,0,1,275
2674,0,0,275
2675,0,0,273
2676,0,0,271
2677,0,0,272
2678,0,0,274
2679,0,0,275
2680,0,1,276
2681,0,1,274
2682,0,0,272
2683,0,1,272
2684,0,0,274
2685,1,0,275
2686,0,0,276
2687,0,0,275
2688,0,1,273
2689,0,0,271
2690,0,0,273
2691,0,1,274
2692,0,0,276
2693,0,0,276
2694,0,1,274
2695,0,0,272
2696,0,0,271
2697,0,1,273
2698,0,0,275
2699,1,1,275
2700,0,0,275
2701,0,0,273
2751,0,0,271
2801,0,0,272
2851,0,0,274
2901,1,0,276
2951,0,0,276
3001,0,0,274
3051,0,1,272
3101,0,0,272
3151,0,1,275
3201,0,0,276
3251,0,0,275
3301,0,0,273
3351,1,0,271
3401,0,0,272
3451,1,0,274
3501,1,0,275
3551,0,0,275
3601,0,0,275
3651,0,1,273
3701,0,0,271
3751,0,0,273
3801,0,1,275
3851,0,1,275
3901,1,0,275
3951,1,0,274
4001,0,0,272
4051,0,0,271
