Time,MagX,MagY,MagZ,AccX,AccY,AccZ,GyroX,GyroY,GyroZ,Tri1,Tri2,Tri3,Latitude,Longitude,Altitude,GPS_Time
2024-08-01T01:13:56.492118,30.026666666666667,7.960000000000001,-25.8,-1.4559326171875,-0.2431640625,0.950927734375,0.426829268292683,1.3719512195121952,-0.48780487804878053,0.0,0.0,0.0,0,0,0,
2024-08-01T01:13:56.504397,29.986666666666668,8.0,-25.720000000000002,-1.451416015625,-0.2452392578125,0.94580078125,0.3658536585365854,1.4939024390243905,-0.3658536585365854,0.0,0.0,0.0,0,0,0,
2024-08-01T01:13:56.516276,30.026666666666667,7.986666666666667,-25.973333333333336,-1.456298828125,-0.2462158203125,0.9522705078125,0.4573170731707317,1.707317073170732,-0.5792682926829269,0.0,0.0,0.0,0,0,0,
2024-08-01T01:13:56.529229,30.093333333333334,7.946666666666667,-26.0,-1.4593505859375,-0.24169921875,0.95361328125,0.27439024390243905,0.4573170731707317,0.030487804878048783,0.0,0.0,0.0,0,0,0,
2024-08-01T01:13:56.542640,29.94666666666667,7.8933333333333335,-25.92,-1.457763671875,-0.245849609375,0.94482421875,0.1829268292682927,1.4634146341463417,-0.3353658536585366,0.0,0.0,0.0,0,0,0,
2024-08-01T01:13:56.555425,29.933333333333334,7.8133333333333335,-25.880000000000003,-1.455810546875,-0.249755859375,0.94873046875,0.5182926829268293,1.524390243902439,-0.6097560975609757,0.0,0.0,0.0,0,0,0,
2024-08-01T01:13:56.568704,30.12,8.040000000000001,-25.893333333333334,-1.45361328125,-0.243408203125,0.9520263671875,0.24390243902439027,1.25,-0.30487804878048785,0.0,0.0,0.0,0,0,0,
2024-08-01T01:13:56.583188,30.000000000000004,7.8933333333333335,-25.893333333333334,-1.4549560546875,-0.246337890625,0.9510498046875,0.30487804878048785,2.103658536585366,-0.3353658536585366,0.0,0.0,0.0,0,0,0,
2024-08-01T01:13:56.594977,30.06666666666667,8.013333333333334,-25.92,-1.4559326171875,-0.2503662109375,0.9522705078125,-0.06097560975609757,0.7926829268292683,-0.27439024390243905,0.0,0.0,0.0,0,0,0,
2024-08-01T01:13:56.609855,30.013333333333335,8.066666666666666,-25.893333333333334,-1.4552001953125,-0.2464599609375,0.949951171875,0.39634146341463417,0.7621951219512195,-0.48780487804878053,0.0,0.0,0.0,0,0,0,
2024-08-01T01:13:56.622214,29.986666666666668,7.8133333333333335,-25.880000000000003,-1.455810546875,-0.244384765625,0.95068359375,0.27439024390243905,1.7682926829268295,-0.30487804878048785,0.0,0.0,0.0,0,0,0,
2024-08-01T01:13:56.634266,30.013333333333335,8.0,-25.92,-1.45654296875,-0.24072265625,0.9515380859375,0.3353658536585366,1.4634146341463417,-0.1829268292682927,0.0,0.0,0.0,0,0,0,
2024-08-01T01:13:56.647409,30.013333333333335,8.0,-25.880000000000003,-1.4588623046875,-0.2464599609375,0.9501953125,0.1829268292682927,1.981707317073171,-0.3353658536585366,0.0,0.0,0.0,0,0,0,
2024-08-01T01:13:56.661606,30.040000000000003,7.986666666666667,-25.90666666666667,-1.4547119140625,-0.246826171875,0.947509765625,-0.12195121951219513,1.1585365853658538,-0.2134146341463415,0.0,0.0,0.0,0,0,0,
2024-08-01T01:13:56.673712,30.040000000000003,7.986666666666667,-25.90666666666667,-1.453125,-0.2430419921875,0.9539794921875,0.15243902439024393,1.2195121951219514,-0.27439024390243905,0.0,0.0,0.0,0,0,0,
2024-08-01T01:13:56.686835,30.013333333333335,7.986666666666667,-25.92,-1.45166015625,-0.2454833984375,0.9500732421875,0.24390243902439027,1.3109756097560976,-0.3658536585365854,0.0,0.0,0.0,0,0,0,
2024-08-01T01:13:56.699753,29.94666666666667,8.013333333333334,-25.933333333333334,-1.4610595703125,-0.2462158203125,0.94921875,0.24390243902439027,0.7926829268292683,-0.2134146341463415,0.0,0.0,0.0,0,0,0,
2024-08-01T01:13:56.713152,30.000000000000004,7.973333333333334,-25.76,-1.460205078125,-0.2454833984375,0.9481201171875,0.12195121951219513,1.7378048780487807,0.0,0.0,0.0,0.0,0,0,0,
2024-08-01T01:13:56.726919,29.933333333333334,8.08,-25.90666666666667,-1.456298828125,-0.2452392578125,0.952880859375,0.3658536585365854,1.4329268292682928,-0.15243902439024393,0.0,0.0,0.0,0,0,0,
2024-08-01T01:13:56.739113,30.000000000000004,8.0,-25.893333333333334,-1.44775390625,-0.240478515625,0.95361328125,0.48780487804878053,1.0060975609756098,-0.5487804878048781,0.0,0.0,0.0,0,0,0,
2024-08-01T01:13:56.752260,29.840000000000003,8.0,-25.96,-1.458740234375,-0.24755859375,0.9490966796875,0.6402439024390244,1.3719512195121952,-0.3658536585365854,0.0,0.0,0.0,0,0,0,
2024-08-01T01:13:56.765497,30.040000000000003,7.933333333333334,-26.013333333333335,-1.4560546875,-0.242919921875,0.947509765625,0.09146341463414635,0.8841463414634148,-0.426829268292683,0.0,0.0,0.0,0,0,0,
2024-08-01T01:13:56.778545,29.94666666666667,7.866666666666667,-25.893333333333334,-1.4560546875,-0.244140625,0.9510498046875,0.12195121951219513,1.25,-0.3353658536585366,0.0,0.0,0.0,0,0,0,
2024-08-01T01:13:56.791788,30.12,7.826666666666667,-25.92,-1.45361328125,-0.241455078125,0.9534912109375,0.5182926829268293,1.676829268292683,-0.3353658536585366,0.0,0.0,0.0,0,0,0,
2024-08-01T01:13:56.804715,30.133333333333336,8.026666666666667,-25.90666666666667,-1.454345703125,-0.2449951171875,0.95361328125,0.30487804878048785,1.2804878048780488,-0.15243902439024393,0.0,0.0,0.0,0,0,0,
2024-08-01T01:13:56.817795,30.000000000000004,7.880000000000001,-25.92,-1.4556884765625,-0.2425537109375,0.948974609375,0.39634146341463417,1.7682926829268295,-0.3353658536585366,0.0,0.0,0.0,0,0,0,
2024-08-01T01:13:56.831023,30.013333333333335,8.133333333333335,-25.893333333333334,-1.456298828125,-0.24609375,0.952880859375,-0.09146341463414635,0.5182926829268293,-0.12195121951219513,0.0,0.0,0.0,0,0,0,
2024-08-01T01:13:56.844139,29.973333333333336,8.013333333333334,-25.893333333333334,-1.45556640625,-0.242431640625,0.9520263671875,0.2134146341463415,1.1585365853658538,-0.15243902439024393,0.0,0.0,0.0,0,0,0,
2024-08-01T01:13:56.857325,29.973333333333336,7.973333333333334,-25.933333333333334,-1.451904296875,-0.2479248046875,0.951904296875,0.426829268292683,1.7378048780487807,-0.5487804878048781,0.0,0.0,0.0,0,0,0,
2024-08-01T01:13:56.870361,30.000000000000004,7.973333333333334,-25.90666666666667,-1.4610595703125,-0.2464599609375,0.9500732421875,0.6402439024390244,0.9451219512195123,-0.4573170731707317,0.0,0.0,0.0,0,0,0,
2024-08-01T01:13:56.884112,30.013333333333335,8.066666666666666,-25.94666666666667,-1.4520263671875,-0.2420654296875,0.9473876953125,0.24390243902439027,1.7987804878048783,-0.39634146341463417,0.0,0.0,0.0,0,0,0,
2024-08-01T01:13:56.898525,30.026666666666667,7.986666666666667,-25.92,-1.45556640625,-0.2447509765625,0.951171875,0.2134146341463415,1.2195121951219514,-0.1829268292682927,0.0,0.0,0.0,0,0,0,
2024-08-01T01:13:56.909783,30.026666666666667,7.986666666666667,-25.92,-1.4537353515625,-0.2396240234375,0.94921875,0.426829268292683,0.9451219512195123,-0.27439024390243905,0.0,0.0,0.0,0,0,0,
2024-08-01T01:13:56.922895,29.973333333333336,7.986666666666667,-25.893333333333334,-1.4542236328125,-0.2479248046875,0.94921875,0.48780487804878053,1.4329268292682928,-0.24390243902439027,0.0,0.0,0.0,0,0,0,
2024-08-01T01:13:56.937642,29.973333333333336,7.973333333333334,-25.840000000000003,-1.456298828125,-0.2506103515625,0.9493408203125,0.06097560975609757,0.9451219512195123,-0.12195121951219513,0.0,0.0,0.0,0,0,0,
2024-08-01T01:13:56.949099,30.000000000000004,7.960000000000001,-25.733333333333334,-1.459716796875,-0.244384765625,0.9517822265625,-0.030487804878048783,2.2865853658536586,-0.27439024390243905,0.0,0.0,0.0,0,0,0,
2024-08-01T01:13:56.962240,29.96,7.946666666666667,-25.96,-1.4534912109375,-0.2459716796875,0.9534912109375,0.27439024390243905,1.2195121951219514,-0.06097560975609757,0.0,0.0,0.0,0,0,0,
2024-08-01T01:13:56.975500,29.90666666666667,7.946666666666667,-25.813333333333336,-1.4532470703125,-0.2437744140625,0.9530029296875,0.6402439024390244,1.1890243902439026,-0.5182926829268293,0.0,0.0,0.0,0,0,0,
2024-08-01T01:13:56.988627,29.90666666666667,7.973333333333334,-26.026666666666667,-1.4559326171875,-0.2501220703125,0.9510498046875,0.27439024390243905,1.5853658536585367,-0.30487804878048785,0.0,0.0,0.0,0,0,0,
2024-08-01T01:13:57.001532,30.053333333333335,7.973333333333334,-25.973333333333336,-1.4554443359375,-0.2452392578125,0.955078125,0.1829268292682927,0.8231707317073171,0.0,0.0,0.0,0.0,0,0,0,
2024-08-01T01:13:57.014602,29.94666666666667,7.786666666666667,-25.92,-1.45263671875,-0.246337890625,0.9498291015625,0.27439024390243905,1.524390243902439,-0.030487804878048783,0.0,0.0,0.0,0,0,0,
2024-08-01T01:13:57.028012,30.213333333333335,7.986666666666667,-25.866666666666667,-1.4539794921875,-0.2452392578125,0.9521484375,0.3353658536585366,1.5853658536585367,-0.3658536585365854,0.0,0.0,0.0,0,0,0,
2024-08-01T01:13:57.041004,30.000000000000004,8.0,-25.92,-1.4605712890625,-0.24853515625,0.9539794921875,0.3353658536585366,0.9756097560975611,-0.426829268292683,0.0,0.0,0.0,0,0,0,
2024-08-01T01:13:57.054147,29.973333333333336,7.906666666666667,-25.893333333333334,-1.45361328125,-0.244873046875,0.9439697265625,-0.12195121951219513,1.676829268292683,-0.15243902439024393,0.0,0.0,0.0,0,0,0,
2024-08-01T01:13:57.067942,30.000000000000004,8.120000000000001,-25.94666666666667,-1.4537353515625,-0.243408203125,0.9503173828125,0.426829268292683,0.9756097560975611,-0.1829268292682927,0.0,0.0,0.0,0,0,0,
2024-08-01T01:13:57.080552,30.040000000000003,8.08,-25.90666666666667,-1.4556884765625,-0.244384765625,0.9522705078125,0.15243902439024393,1.0060975609756098,-0.30487804878048785,0.0,0.0,0.0,0,0,0,
2024-08-01T01:13:57.093357,30.013333333333335,7.986666666666667,-25.92,-1.4498291015625,-0.246337890625,0.9488525390625,0.4573170731707317,1.6158536585365855,-0.27439024390243905,0.0,0.0,0.0,0,0,0,
2024-08-01T01:13:57.106590,29.96,8.026666666666667,-25.92,-1.4610595703125,-0.244140625,0.9508056640625,0.3658536585365854,1.0060975609756098,-0.3658536585365854,0.0,0.0,0.0,0,0,0,
2024-08-01T01:13:57.120822,29.986666666666668,7.986666666666667,-25.90666666666667,-1.458251953125,-0.2447509765625,0.9459228515625,0.0,1.4939024390243905,-0.3353658536585366,0.0,0.0,0.0,0,0,0,
2024-08-01T01:13:57.134038,30.013333333333335,7.933333333333334,-25.866666666666667,-1.4520263671875,-0.2437744140625,0.9510498046875,0.48780487804878053,1.4939024390243905,-0.3353658536585366,0.0,0.0,0.0,0,0,0,
2024-08-01T01:13:57.148308,30.013333333333335,7.933333333333334,-25.866666666666667,-1.4560546875,-0.2423095703125,0.9505615234375,-0.15243902439024393,0.48780487804878053,0.030487804878048783,0.0,0.0,0.0,0,0,0,
2024-08-01T01:13:57.160032,30.000000000000004,7.960000000000001,-25.96,-1.45458984375,-0.244140625,0.9501953125,0.5792682926829269,1.829268292682927,-0.5487804878048781,0.0,0.0,0.0,0,0,0,
2024-08-01T01:13:57.172275,29.90666666666667,8.026666666666667,-25.76,-1.4559326171875,-0.247314453125,0.9527587890625,0.39634146341463417,1.2804878048780488,-0.27439024390243905,0.0,0.0,0.0,0,0,0,
2024-08-01T01:13:57.185322,29.96,7.960000000000001,-25.866666666666667,-1.4581298828125,-0.2442626953125,0.953125,-0.15243902439024393,1.3109756097560976,-0.12195121951219513,0.0,0.0,0.0,0,0,0,
2024-08-01T01:13:57.198180,29.973333333333336,7.986666666666667,-25.933333333333334,-1.453125,-0.2432861328125,0.9498291015625,0.30487804878048785,1.6463414634146343,-0.1829268292682927,0.0,0.0,0.0,0,0,0,
2024-08-01T01:13:57.211538,29.840000000000003,7.973333333333334,-25.90666666666667,-1.454833984375,-0.2437744140625,0.9527587890625,0.426829268292683,1.128048780487805,-0.09146341463414635,0.0,0.0,0.0,0,0,0,
2024-08-01T01:13:57.224778,30.053333333333335,7.933333333333334,-26.040000000000003,-1.4569091796875,-0.247314453125,0.9490966796875,0.48780487804878053,1.9512195121951221,-0.3658536585365854,0.0,0.0,0.0,0,0,0,
2024-08-01T01:13:57.237730,30.040000000000003,7.960000000000001,-25.92,-1.4537353515625,-0.2452392578125,0.951904296875,0.3353658536585366,0.8231707317073171,-0.2134146341463415,0.0,0.0,0.0,0,0,0,
2024-08-01T01:13:57.251165,30.000000000000004,7.8133333333333335,-25.90666666666667,-1.45751953125,-0.2498779296875,0.95361328125,-0.06097560975609757,1.2804878048780488,-0.27439024390243905,0.0,0.0,0.0,0,0,0,
2024-08-01T01:13:57.263946,30.12,7.920000000000001,-25.880000000000003,-1.451904296875,-0.243896484375,0.9512939453125,0.426829268292683,1.7987804878048783,-0.39634146341463417,0.0,0.0,0.0,0,0,0,
2024-08-01T01:13:57.277163,29.973333333333336,7.8933333333333335,-25.90666666666667,-1.4549560546875,-0.245361328125,0.9498291015625,0.3658536585365854,1.3109756097560976,-0.48780487804878053,0.0,0.0,0.0,0,0,0,
2024-08-01T01:13:57.291381,30.026666666666667,7.986666666666667,-25.90666666666667,-1.4525146484375,-0.2474365234375,0.949951171875,0.27439024390243905,1.9207317073170733,-0.3658536585365854,0.0,0.0,0.0,0,0,0,
2024-08-01T01:13:57.303423,30.013333333333335,7.906666666666667,-25.90666666666667,-1.45751953125,-0.2464599609375,0.953857421875,-0.030487804878048783,0.8841463414634148,0.06097560975609757,0.0,0.0,0.0,0,0,0,
2024-08-01T01:13:57.316377,29.986666666666668,7.946666666666667,-25.90666666666667,-1.4559326171875,-0.241943359375,0.9498291015625,0.3658536585365854,0.5487804878048781,-0.1829268292682927,0.0,0.0,0.0,0,0,0,
2024-08-01T01:13:57.329469,30.013333333333335,8.0,-25.90666666666667,-1.453857421875,-0.240234375,0.9482421875,0.5182926829268293,1.9207317073170733,-0.5182926829268293,0.0,0.0,0.0,0,0,0,
2024-08-01T01:13:57.342868,30.013333333333335,8.0,-25.880000000000003,-1.4554443359375,-0.2506103515625,0.9498291015625,0.48780487804878053,1.3414634146341464,-0.27439024390243905,0.0,0.0,0.0,0,0,0,
2024-08-01T01:13:57.358034,30.013333333333335,7.960000000000001,-25.880000000000003,-1.4586181640625,-0.2425537109375,0.9510498046875,-0.09146341463414635,1.7987804878048783,-0.4573170731707317,0.0,0.0,0.0,0,0,0,
2024-08-01T01:13:57.368867,30.013333333333335,7.960000000000001,-25.880000000000003,-1.45458984375,-0.2415771484375,0.9488525390625,0.030487804878048783,1.2804878048780488,-0.12195121951219513,0.0,0.0,0.0,0,0,0,
2024-08-01T01:13:57.382184,30.000000000000004,7.986666666666667,-25.90666666666667,-1.4503173828125,-0.2408447265625,0.9508056640625,0.48780487804878053,0.9756097560975611,-0.3658536585365854,0.0,0.0,0.0,0,0,0,
2024-08-01T01:13:57.395272,30.000000000000004,7.986666666666667,-25.92,-1.4556884765625,-0.244384765625,0.9481201171875,0.3658536585365854,1.7987804878048783,-0.48780487804878053,0.0,0.0,0.0,0,0,0,
2024-08-01T01:13:57.410317,30.026666666666667,7.973333333333334,-25.76,-1.4600830078125,-0.24462890625,0.9517822265625,0.1829268292682927,1.1890243902439026,-0.1829268292682927,0.0,0.0,0.0,0,0,0,
2024-08-01T01:13:57.423738,29.973333333333336,7.960000000000001,-25.840000000000003,-1.4586181640625,-0.246337890625,0.9541015625,-0.06097560975609757,1.0670731707317074,-0.30487804878048785,0.0,0.0,0.0,0,0,0,
2024-08-01T01:13:57.437695,30.026666666666667,7.920000000000001,-26.053333333333335,-1.452880859375,-0.24560546875,0.9464111328125,0.3658536585365854,2.0426829268292686,-0.4573170731707317,0.0,0.0,0.0,0,0,0,
2024-08-01T01:13:57.450106,29.92,7.973333333333334,-26.026666666666667,-1.455078125,-0.244873046875,0.94921875,0.27439024390243905,1.1890243902439026,-0.24390243902439027,0.0,0.0,0.0,0,0,0,
2024-08-01T01:13:57.463234,29.933333333333334,7.946666666666667,-25.986666666666668,-1.4569091796875,-0.24560546875,0.948974609375,0.6402439024390244,1.7378048780487807,-0.5792682926829269,0.0,0.0,0.0,0,0,0,
2024-08-01T01:13:57.475041,29.893333333333334,7.933333333333334,-25.74666666666667,-1.46044921875,-0.2437744140625,0.9520263671875,0.2134146341463415,0.701219512195122,-0.24390243902439027,0.0,0.0,0.0,0,0,0,
2024-08-01T01:13:57.488585,29.826666666666668,7.880000000000001,-25.866666666666667,-1.4525146484375,-0.243408203125,0.951416015625,0.030487804878048783,0.9451219512195123,-0.06097560975609757,0.0,0.0,0.0,0,0,0,
2024-08-01T01:13:57.501713,29.933333333333334,8.0,-25.866666666666667,-1.44775390625,-0.25,0.952392578125,0.48780487804878053,1.7987804878048783,-0.4573170731707317,0.0,0.0,0.0,0,0,0,
2024-08-01T01:13:57.513284,30.10666666666667,7.986666666666667,-25.893333333333334,-1.45263671875,-0.247314453125,0.953369140625,0.4573170731707317,1.2195121951219514,-0.3658536585365854,0.0,0.0,0.0,0,0,0,
2024-08-01T01:13:57.527487,30.013333333333335,8.146666666666667,-25.90666666666667,-1.4552001953125,-0.2457275390625,0.9521484375,0.30487804878048785,2.073170731707317,-0.24390243902439027,0.0,0.0,0.0,0,0,0,
2024-08-01T01:13:57.539148,30.040000000000003,8.066666666666666,-25.893333333333334,-1.4554443359375,-0.244384765625,0.953125,0.06097560975609757,0.701219512195122,-0.15243902439024393,0.0,0.0,0.0,0,0,0,
2024-08-01T01:13:57.552691,30.040000000000003,7.946666666666667,-25.880000000000003,-1.4517822265625,-0.243896484375,0.947265625,0.24390243902439027,0.8841463414634148,-0.06097560975609757,0.0,0.0,0.0,0,0,0,
2024-08-01T01:13:57.566037,29.973333333333336,7.946666666666667,-25.90666666666667,-1.453369140625,-0.24462890625,0.9481201171875,0.48780487804878053,1.7987804878048783,-0.5182926829268293,0.0,0.0,0.0,0,0,0,
2024-08-01T01:13:57.579107,30.000000000000004,7.973333333333334,-25.893333333333334,-1.4578857421875,-0.24658203125,0.951904296875,0.39634146341463417,1.2195121951219514,-0.4573170731707317,0.0,0.0,0.0,0,0,0,
2024-08-01T01:13:57.592995,30.026666666666667,7.973333333333334,-25.90666666666667,-1.4566650390625,-0.2445068359375,0.954345703125,0.12195121951219513,1.5853658536585367,-0.3353658536585366,0.0,0.0,0.0,0,0,0,
2024-08-01T01:13:57.605284,30.026666666666667,7.973333333333334,-25.90666666666667,-1.4560546875,-0.244873046875,0.9495849609375,0.06097560975609757,1.7987804878048783,-0.4573170731707317,0.0,0.0,0.0,0,0,0,
2024-08-01T01:13:57.618253,30.000000000000004,7.960000000000001,-25.92,-1.454833984375,-0.24462890625,0.9530029296875,0.39634146341463417,0.701219512195122,-0.1829268292682927,0.0,0.0,0.0,0,0,0,
2024-08-01T01:13:57.631408,30.013333333333335,7.973333333333334,-25.78666666666667,-1.4521484375,-0.2452392578125,0.95263671875,0.8231707317073171,1.2804878048780488,-0.3658536585365854,0.0,0.0,0.0,0,0,0,
2024-08-01T01:13:57.644468,30.013333333333335,8.0,-25.76,-1.462646484375,-0.24267578125,0.952880859375,0.06097560975609757,1.0365853658536586,-0.27439024390243905,0.0,0.0,0.0,0,0,0,
2024-08-01T01:13:57.657588,30.013333333333335,7.986666666666667,-26.013333333333335,-1.4549560546875,-0.2471923828125,0.9498291015625,0.06097560975609757,1.676829268292683,-0.39634146341463417,0.0,0.0,0.0,0,0,0,
2024-08-01T01:13:57.671424,29.90666666666667,8.0,-25.8,-1.4560546875,-0.2440185546875,0.9498291015625,0.30487804878048785,1.5853658536585367,-0.5182926829268293,0.0,0.0,0.0,0,0,0,
2024-08-01T01:13:57.684356,29.986666666666668,8.0,-26.040000000000003,-1.455078125,-0.2447509765625,0.9527587890625,0.6097560975609757,1.128048780487805,-0.4573170731707317,0.0,0.0,0.0,0,0,0,
2024-08-01T01:13:57.697636,30.040000000000003,7.866666666666667,-26.040000000000003,-1.4591064453125,-0.2447509765625,0.9522705078125,0.12195121951219513,1.3109756097560976,-0.2134146341463415,0.0,0.0,0.0,0,0,0,
2024-08-01T01:13:57.710630,29.880000000000003,7.840000000000001,-25.94666666666667,-1.45458984375,-0.2464599609375,0.9532470703125,0.1829268292682927,1.128048780487805,-0.15243902439024393,0.0,0.0,0.0,0,0,0,
2024-08-01T01:13:57.722841,29.973333333333336,7.866666666666667,-25.893333333333334,-1.4547119140625,-0.240234375,0.9488525390625,0.030487804878048783,0.8841463414634148,-0.39634146341463417,0.0,0.0,0.0,0,0,0,
2024-08-01T01:13:57.736051,30.000000000000004,7.906666666666667,-25.880000000000003,-1.4503173828125,-0.2440185546875,0.955322265625,0.3658536585365854,1.7378048780487807,-0.48780487804878053,0.0,0.0,0.0,0,0,0,
2024-08-01T01:13:57.749515,30.026666666666667,8.146666666666667,-25.880000000000003,-1.4600830078125,-0.24560546875,0.9520263671875,0.2134146341463415,1.2804878048780488,-0.4573170731707317,0.0,0.0,0.0,0,0,0,
2024-08-01T01:13:57.762495,29.96,8.146666666666667,-25.90666666666667,-1.4608154296875,-0.2454833984375,0.949462890625,0.15243902439024393,1.0975609756097562,-0.30487804878048785,0.0,0.0,0.0,0,0,0,
2024-08-01T01:13:57.775920,30.000000000000004,7.933333333333334,-25.90666666666667,-1.4530029296875,-0.2462158203125,0.9503173828125,0.24390243902439027,1.524390243902439,-0.2134146341463415,0.0,0.0,0.0,0,0,0,
2024-08-01T01:13:57.788567,29.986666666666668,7.973333333333334,-25.893333333333334,-1.453369140625,-0.247314453125,0.949462890625,0.2134146341463415,0.853658536585366,-0.2134146341463415,0.0,0.0,0.0,0,0,0,
2024-08-01T01:13:57.801724,30.040000000000003,8.0,-25.880000000000003,-1.456298828125,-0.2452392578125,0.9482421875,0.701219512195122,1.6158536585365855,-0.3353658536585366,0.0,0.0,0.0,0,0,0,
2024-08-01T01:13:57.815549,30.013333333333335,7.973333333333334,-25.893333333333334,-1.455078125,-0.2435302734375,0.9486083984375,0.12195121951219513,1.0975609756097562,-0.15243902439024393,0.0,0.0,0.0,0,0,0,
2024-08-01T01:13:57.829713,30.026666666666667,7.973333333333334,-25.893333333333334,-1.4515380859375,-0.246337890625,0.953369140625,0.0,1.3109756097560976,-0.24390243902439027,0.0,0.0,0.0,0,0,0,
2024-08-01T01:13:57.841153,30.026666666666667,7.973333333333334,-25.893333333333334,-1.4573974609375,-0.2467041015625,0.9490966796875,0.701219512195122,1.3414634146341464,-0.27439024390243905,0.0,0.0,0.0,0,0,0,
2024-08-01T01:13:57.854401,29.986666666666668,8.013333333333334,-25.933333333333334,-1.452392578125,-0.2490234375,0.955078125,-0.06097560975609757,1.0365853658536586,-0.30487804878048785,0.0,0.0,0.0,0,0,0,
2024-08-01T01:13:57.867366,30.026666666666667,7.986666666666667,-25.8,-1.4552001953125,-0.2481689453125,0.9468994140625,0.3658536585365854,1.8902439024390245,-0.5792682926829269,0.0,0.0,0.0,0,0,0,
2024-08-01T01:13:57.881472,30.000000000000004,7.986666666666667,-25.893333333333334,-1.45703125,-0.2431640625,0.9522705078125,0.30487804878048785,1.4939024390243905,-0.4573170731707317,0.0,0.0,0.0,0,0,0,
2024-08-01T01:13:57.896033,30.013333333333335,7.986666666666667,-25.840000000000003,-1.4554443359375,-0.24609375,0.9517822265625,0.1829268292682927,1.0975609756097562,-0.30487804878048785,0.0,0.0,0.0,0,0,0,
2024-08-01T01:13:57.906928,30.026666666666667,8.0,-25.773333333333333,-1.4527587890625,-0.2431640625,0.94873046875,0.3353658536585366,1.0365853658536586,-0.1829268292682927,0.0,0.0,0.0,0,0,0,
2024-08-01T01:13:57.920055,29.96,8.0,-26.040000000000003,-1.4539794921875,-0.244873046875,0.9459228515625,0.3658536585365854,1.0060975609756098,-0.426829268292683,0.0,0.0,0.0,0,0,0,
2024-08-01T01:13:57.932780,29.973333333333336,7.986666666666667,-25.92,-1.4547119140625,-0.244140625,0.9500732421875,0.24390243902439027,1.7987804878048783,-0.3353658536585366,0.0,0.0,0.0,0,0,0,
2024-08-01T01:13:57.945981,30.240000000000002,7.760000000000001,-25.893333333333334,-1.4569091796875,-0.2420654296875,0.9517822265625,-0.09146341463414635,1.7378048780487807,-0.24390243902439027,0.0,0.0,0.0,0,0,0,
2024-08-01T01:13:57.959244,30.06666666666667,7.946666666666667,-25.893333333333334,-1.452392578125,-0.2457275390625,0.9542236328125,0.2134146341463415,0.9146341463414634,-0.426829268292683,0.0,0.0,0.0,0,0,0,
2024-08-01T01:13:57.972932,29.96,7.906666666666667,-25.893333333333334,-1.4522705078125,-0.24072265625,0.947509765625,0.2134146341463415,1.2804878048780488,-0.27439024390243905,0.0,0.0,0.0,0,0,0,
2024-08-01T01:13:57.985679,30.040000000000003,7.920000000000001,-25.893333333333334,-1.4517822265625,-0.2481689453125,0.9505615234375,0.39634146341463417,1.1890243902439026,-0.3353658536585366,0.0,0.0,0.0,0,0,0,
2024-08-01T01:13:57.998602,29.986666666666668,8.066666666666666,-25.893333333333334,-1.4598388671875,-0.246826171875,0.9505615234375,0.39634146341463417,1.2804878048780488,-0.30487804878048785,0.0,0.0,0.0,0,0,0,
2024-08-01T01:13:58.011999,30.013333333333335,7.933333333333334,-25.90666666666667,-1.4559326171875,-0.2486572265625,0.9500732421875,0.1829268292682927,1.4329268292682928,-0.15243902439024393,0.0,0.0,0.0,0,0,0,
2024-08-01T01:13:58.024933,29.986666666666668,7.973333333333334,-25.92,-1.4515380859375,-0.243408203125,0.9554443359375,0.30487804878048785,1.128048780487805,-0.15243902439024393,0.0,0.0,0.0,0,0,0,
2024-08-01T01:13:58.038016,29.986666666666668,7.986666666666667,-25.880000000000003,-1.4503173828125,-0.242431640625,0.9517822265625,0.24390243902439027,1.25,-0.3658536585365854,0.0,0.0,0.0,0,0,0,
2024-08-01T01:13:58.052322,29.986666666666668,7.973333333333334,-25.933333333333334,-1.44970703125,-0.2442626953125,0.9508056640625,0.6097560975609757,1.3719512195121952,-0.3353658536585366,0.0,0.0,0.0,0,0,0,
2024-08-01T01:13:58.064474,29.986666666666668,7.973333333333334,-25.933333333333334,-1.4617919921875,-0.245361328125,0.9486083984375,-0.06097560975609757,0.4573170731707317,-0.15243902439024393,0.0,0.0,0.0,0,0,0,
2024-08-01T01:13:58.077428,30.040000000000003,7.973333333333334,-25.880000000000003,-1.45703125,-0.2454833984375,0.94970703125,0.15243902439024393,1.4329268292682928,-0.4573170731707317,0.0,0.0,0.0,0,0,0,
2024-08-01T01:13:58.090510,29.986666666666668,7.973333333333334,-25.866666666666667,-1.451171875,-0.2462158203125,0.9512939453125,0.6097560975609757,1.2195121951219514,-0.5487804878048781,0.0,0.0,0.0,0,0,0,
2024-08-01T01:13:58.103806,30.013333333333335,7.973333333333334,-25.78666666666667,-1.4537353515625,-0.247314453125,0.9517822265625,0.4573170731707317,1.7378048780487807,-0.6097560975609757,0.0,0.0,0.0,0,0,0,
2024-08-01T01:13:58.116892,30.000000000000004,8.026666666666667,-25.94666666666667,-1.4580078125,-0.24560546875,0.95068359375,0.30487804878048785,1.7682926829268295,-0.3658536585365854,0.0,0.0,0.0,0,0,0,
2024-08-01T01:13:58.131229,29.933333333333334,7.960000000000001,-25.8,-1.4537353515625,-0.2474365234375,0.95166015625,-0.030487804878048783,0.8231707317073171,0.0,0.0,0.0,0.0,0,0,0,
2024-08-01T01:13:58.144742,29.893333333333334,7.920000000000001,-25.826666666666668,-1.450927734375,-0.2425537109375,0.9542236328125,0.3658536585365854,1.0060975609756098,-0.5487804878048781,0.0,0.0,0.0,0,0,0,
2024-08-01T01:13:58.156890,30.080000000000002,7.906666666666667,-25.826666666666668,-1.449951171875,-0.2431640625,0.950439453125,0.39634146341463417,1.25,-0.2134146341463415,0.0,0.0,0.0,0,0,0,
2024-08-01T01:13:58.169780,30.000000000000004,7.906666666666667,-25.973333333333336,-1.45556640625,-0.2442626953125,0.9478759765625,0.27439024390243905,1.7987804878048783,-0.2134146341463415,0.0,0.0,0.0,0,0,0,
2024-08-01T01:13:58.183088,29.893333333333334,7.773333333333333,-25.893333333333334,-1.452392578125,-0.244140625,0.9517822265625,0.0,1.707317073170732,-0.27439024390243905,0.0,0.0,0.0,0,0,0,
2024-08-01T01:13:58.197651,30.14666666666667,8.026666666666667,-25.866666666666667,-1.4534912109375,-0.245849609375,0.9520263671875,0.06097560975609757,0.7317073170731708,-0.3353658536585366,0.0,0.0,0.0,0,0,0,
2024-08-01T01:13:58.209771,29.90666666666667,8.013333333333334,-25.90666666666667,-1.45263671875,-0.244873046875,0.95556640625,0.48780487804878053,1.128048780487805,-0.48780487804878053,0.0,0.0,0.0,0,0,0,
2024-08-01T01:13:58.223397,29.973333333333336,7.760000000000001,-25.92,-1.4564208984375,-0.246826171875,0.9495849609375,0.24390243902439027,1.1890243902439026,-0.27439024390243905,0.0,0.0,0.0,0,0,0,
2024-08-01T01:13:58.234943,29.96,7.8933333333333335,-25.826666666666668,-1.460693359375,-0.243896484375,0.9483642578125,0.39634146341463417,1.2195121951219514,-0.24390243902439027,0.0,0.0,0.0,0,0,0,
2024-08-01T01:13:58.248702,29.973333333333336,7.866666666666667,-25.866666666666667,-1.453857421875,-0.2474365234375,0.945556640625,0.030487804878048783,1.2804878048780488,-0.24390243902439027,0.0,0.0,0.0,0,0,0,
2024-08-01T01:13:58.261066,30.000000000000004,7.906666666666667,-25.92,-1.455078125,-0.2493896484375,0.9515380859375,0.1829268292682927,1.25,-0.09146341463414635,0.0,0.0,0.0,0,0,0,
2024-08-01T01:13:58.274783,30.000000000000004,7.906666666666667,-25.90666666666667,-1.4542236328125,-0.2442626953125,0.9495849609375,0.5182926829268293,1.524390243902439,-0.426829268292683,0.0,0.0,0.0,0,0,0,
2024-08-01T01:13:58.288586,29.973333333333336,8.0,-25.90666666666667,-1.4561767578125,-0.2432861328125,0.9503173828125,0.3658536585365854,1.4634146341463417,-0.3353658536585366,0.0,0.0,0.0,0,0,0,
2024-08-01T01:13:58.300494,29.973333333333336,8.0,-25.90666666666667,-1.457275390625,-0.2464599609375,0.954833984375,0.3353658536585366,1.1890243902439026,-0.3658536585365854,0.0,0.0,0.0,0,0,0,
2024-08-01T01:13:58.325609,30.026666666666667,7.960000000000001,-25.893333333333334,-1.4559326171875,-0.24853515625,0.950927734375,0.09146341463414635,1.402439024390244,-0.2134146341463415,0.0,0.0,0.0,0,0,0,
2024-08-01T01:13:58.330292,30.013333333333335,8.0,-26.053333333333335,-1.4542236328125,-0.2452392578125,0.9466552734375,0.1829268292682927,1.402439024390244,-0.27439024390243905,0.0,0.0,0.0,0,0,0,
2024-08-01T01:13:58.339493,30.013333333333335,8.0,-26.053333333333335,-1.4542236328125,-0.2452392578125,0.9466552734375,0.39634146341463417,1.4329268292682928,-0.48780487804878053,0.0,0.0,0.0,0,0,0,
2024-08-01T01:13:58.352330,30.013333333333335,8.013333333333334,-25.94666666666667,-1.4541015625,-0.242431640625,0.9481201171875,0.2134146341463415,1.707317073170732,-0.27439024390243905,0.0,0.0,0.0,0,0,0,
2024-08-01T01:13:58.365437,29.90666666666667,8.026666666666667,-25.933333333333334,-1.454345703125,-0.2470703125,0.9501953125,0.030487804878048783,0.701219512195122,-0.1829268292682927,0.0,0.0,0.0,0,0,0,
2024-08-01T01:13:58.378684,30.000000000000004,8.0,-25.986666666666668,-1.4580078125,-0.2479248046875,0.95166015625,0.1829268292682927,1.3719512195121952,-0.24390243902439027,0.0,0.0,0.0,0,0,0,
2024-08-01T01:13:58.391699,29.973333333333336,7.960000000000001,-25.78666666666667,-1.4521484375,-0.24365234375,0.953369140625,0.5487804878048781,1.402439024390244,-0.426829268292683,0.0,0.0,0.0,0,0,0,
2024-08-01T01:13:58.406822,30.26666666666667,7.8533333333333335,-25.92,-1.45458984375,-0.2451171875,0.9486083984375,0.3658536585365854,1.1890243902439026,-0.5792682926829269,0.0,0.0,0.0,0,0,0,
2024-08-01T01:13:58.419087,29.94666666666667,7.8533333333333335,-25.92,-1.45556640625,-0.2415771484375,0.9482421875,0.12195121951219513,1.3414634146341464,-0.1829268292682927,0.0,0.0,0.0,0,0,0,
2024-08-01T01:13:58.439565,30.06666666666667,8.040000000000001,-25.853333333333335,-1.4564208984375,-0.2420654296875,0.9510498046875,-0.030487804878048783,1.0670731707317074,0.0,0.0,0.0,0.0,0,0,0,
2024-08-01T01:13:58.459344,29.94666666666667,7.946666666666667,-25.853333333333335,-1.4515380859375,-0.248779296875,0.952392578125,0.30487804878048785,1.6158536585365855,-0.39634146341463417,0.0,0.0,0.0,0,0,0,
2024-08-01T01:13:58.467123,30.080000000000002,8.0,-25.893333333333334,-1.459228515625,-0.2452392578125,0.9521484375,0.30487804878048785,0.9756097560975611,-0.1829268292682927,0.0,0.0,0.0,0,0,0,
2024-08-01T01:13:58.473294,30.213333333333335,8.0,-25.8,-1.459228515625,-0.2452392578125,0.9521484375,0.1829268292682927,1.1585365853658538,-0.3658536585365854,0.0,0.0,0.0,0,0,0,
2024-08-01T01:13:58.483952,29.973333333333336,7.906666666666667,-25.90666666666667,-1.4521484375,-0.2462158203125,0.949462890625,0.06097560975609757,1.707317073170732,-0.30487804878048785,0.0,0.0,0.0,0,0,0,
2024-08-01T01:13:58.497252,29.986666666666668,7.960000000000001,-25.880000000000003,-1.45166015625,-0.2447509765625,0.951171875,0.09146341463414635,1.0670731707317074,-0.24390243902439027,0.0,0.0,0.0,0,0,0,
2024-08-01T01:13:58.511301,30.013333333333335,7.906666666666667,-25.826666666666668,-1.452392578125,-0.2406005859375,0.951171875,0.5792682926829269,1.402439024390244,-0.09146341463414635,0.0,0.0,0.0,0,0,0,
2024-08-01T01:13:58.524869,29.986666666666668,7.973333333333334,-25.893333333333334,-1.452392578125,-0.24560546875,0.9539794921875,0.4573170731707317,1.2804878048780488,-0.5182926829268293,0.0,0.0,0.0,0,0,0,
2024-08-01T01:13:58.537788,29.986666666666668,7.973333333333334,-25.893333333333334,-1.460205078125,-0.2459716796875,0.949951171875,0.3658536585365854,1.1585365853658538,-0.5182926829268293,0.0,0.0,0.0,0,0,0,
2024-08-01T01:13:58.549734,30.000000000000004,7.986666666666667,-25.893333333333334,-1.458740234375,-0.2457275390625,0.95263671875,0.12195121951219513,1.2804878048780488,0.06097560975609757,0.0,0.0,0.0,0,0,0,
2024-08-01T01:13:58.562917,29.986666666666668,7.973333333333334,-25.8,-1.4482421875,-0.24755859375,0.9521484375,0.2134146341463415,1.3414634146341464,-0.39634146341463417,0.0,0.0,0.0,0,0,0,
2024-08-01T01:13:58.577164,30.000000000000004,7.960000000000001,-25.78666666666667,-1.454345703125,-0.2421875,0.94775390625,0.4573170731707317,1.3719512195121952,-0.426829268292683,0.0,0.0,0.0,0,0,0,
2024-08-01T01:13:58.588899,29.92,7.960000000000001,-26.053333333333335,-1.45458984375,-0.2491455078125,0.9547119140625,0.30487804878048785,1.2804878048780488,-0.3658536585365854,0.0,0.0,0.0,0,0,0,
2024-08-01T01:13:58.602097,29.840000000000003,7.973333333333334,-25.840000000000003,-1.45361328125,-0.2491455078125,0.95263671875,0.39634146341463417,0.701219512195122,-0.24390243902439027,0.0,0.0,0.0,0,0,0,
2024-08-01T01:13:58.615222,29.933333333333334,8.0,-26.06666666666667,-1.456787109375,-0.24267578125,0.9505615234375,0.12195121951219513,1.3719512195121952,-0.3353658536585366,0.0,0.0,0.0,0,0,0,
2024-08-01T01:13:58.628288,29.96,7.933333333333334,-25.90666666666667,-1.454345703125,-0.248291015625,0.9481201171875,0.4573170731707317,1.707317073170732,-0.3353658536585366,0.0,0.0,0.0,0,0,0,
2024-08-01T01:13:58.641413,29.986666666666668,7.8533333333333335,-25.880000000000003,-1.45947265625,-0.2467041015625,0.9561767578125,0.30487804878048785,1.2195121951219514,-0.24390243902439027,0.0,0.0,0.0,0,0,0,
2024-08-01T01:13:58.654550,30.12,8.040000000000001,-25.92,-1.4581298828125,-0.24267578125,0.951904296875,0.39634146341463417,1.829268292682927,-0.15243902439024393,0.0,0.0,0.0,0,0,0,
2024-08-01T01:13:58.667767,29.986666666666668,7.880000000000001,-25.880000000000003,-1.4534912109375,-0.24609375,0.9476318359375,0.12195121951219513,1.0365853658536586,-0.1829268292682927,0.0,0.0,0.0,0,0,0,
2024-08-01T01:13:58.682719,30.026666666666667,7.933333333333334,-25.880000000000003,-1.4560546875,-0.2437744140625,0.950439453125,0.3658536585365854,1.3109756097560976,-0.24390243902439027,0.0,0.0,0.0,0,0,0,
2024-08-01T01:13:58.693796,30.053333333333335,8.026666666666667,-25.90666666666667,-1.4541015625,-0.24560546875,0.949951171875,0.426829268292683,1.676829268292683,-0.426829268292683,0.0,0.0,0.0,0,0,0,
2024-08-01T01:13:58.707152,29.986666666666668,7.946666666666667,-25.92,-1.4547119140625,-0.2435302734375,0.9503173828125,0.06097560975609757,1.3109756097560976,-0.24390243902439027,0.0,0.0,0.0,0,0,0,
2024-08-01T01:13:58.720309,30.013333333333335,7.866666666666667,-25.893333333333334,-1.456787109375,-0.2462158203125,0.9482421875,0.15243902439024393,1.3109756097560976,-0.09146341463414635,0.0,0.0,0.0,0,0,0,
2024-08-01T01:13:58.733351,30.013333333333335,8.013333333333334,-25.90666666666667,-1.4512939453125,-0.2451171875,0.9552001953125,0.1829268292682927,1.1585365853658538,-0.24390243902439027,0.0,0.0,0.0,0,0,0,
2024-08-01T01:13:58.748870,30.040000000000003,7.960000000000001,-25.94666666666667,-1.454345703125,-0.2452392578125,0.950927734375,0.3658536585365854,1.3719512195121952,-0.3658536585365854,0.0,0.0,0.0,0,0,0,
2024-08-01T01:13:58.762351,30.080000000000002,8.013333333333334,-25.92,-1.46142578125,-0.2457275390625,0.9501953125,0.426829268292683,1.3109756097560976,-0.3353658536585366,0.0,0.0,0.0,0,0,0,
2024-08-01T01:13:58.772740,30.080000000000002,8.013333333333334,-25.92,-1.4549560546875,-0.2459716796875,0.9482421875,-0.06097560975609757,1.3109756097560976,-0.30487804878048785,0.0,0.0,0.0,0,0,0,
2024-08-01T01:13:58.786078,30.013333333333335,7.973333333333334,-25.880000000000003,-1.45068359375,-0.2447509765625,0.9520263671875,0.0,1.2195121951219514,-0.2134146341463415,0.0,0.0,0.0,0,0,0,
2024-08-01T01:13:58.798972,30.013333333333335,7.8933333333333335,-25.813333333333336,-1.457763671875,-0.24365234375,0.952880859375,0.12195121951219513,1.3109756097560976,-0.3658536585365854,0.0,0.0,0.0,0,0,0,
2024-08-01T01:13:58.812220,30.013333333333335,7.880000000000001,-25.866666666666667,-1.4476318359375,-0.2481689453125,0.9521484375,0.6707317073170732,1.2195121951219514,-0.39634146341463417,0.0,0.0,0.0,0,0,0,
2024-08-01T01:13:58.826470,29.973333333333336,7.986666666666667,-25.840000000000003,-1.4571533203125,-0.24658203125,0.948974609375,0.1829268292682927,1.2804878048780488,-0.39634146341463417,0.0,0.0,0.0,0,0,0,
2024-08-01T01:13:58.838258,29.92,7.906666666666667,-25.986666666666668,-1.4573974609375,-0.2489013671875,0.955078125,0.5182926829268293,0.9756097560975611,-0.2134146341463415,0.0,0.0,0.0,0,0,0,
2024-08-01T01:13:58.851387,30.06666666666667,8.0,-26.0,-1.453125,-0.2451171875,0.951904296875,0.1829268292682927,1.3719512195121952,-0.30487804878048785,0.0,0.0,0.0,0,0,0,
2024-08-01T01:13:58.864582,29.92,7.906666666666667,-25.853333333333335,-1.453125,-0.244873046875,0.9547119140625,0.5487804878048781,1.2804878048780488,-0.1829268292682927,0.0,0.0,0.0,0,0,0,
2024-08-01T01:13:58.877660,29.973333333333336,7.840000000000001,-25.90666666666667,-1.4488525390625,-0.245849609375,0.9503173828125,0.5792682926829269,1.5548780487804879,-0.30487804878048785,0.0,0.0,0.0,0,0,0,
2024-08-01T01:13:58.890668,30.080000000000002,8.013333333333334,-25.866666666666667,-1.4493408203125,-0.24609375,0.9527587890625,-0.06097560975609757,1.7682926829268295,-0.3658536585365854,0.0,0.0,0.0,0,0,0,
2024-08-01T01:13:58.904691,30.040000000000003,7.8933333333333335,-25.92,-1.45458984375,-0.243408203125,0.955810546875,0.030487804878048783,0.8841463414634148,-0.27439024390243905,0.0,0.0,0.0,0,0,0,
2024-08-01T01:13:58.916936,29.973333333333336,7.760000000000001,-25.880000000000003,-1.4512939453125,-0.2442626953125,0.949951171875,0.27439024390243905,0.9146341463414634,-0.4573170731707317,0.0,0.0,0.0,0,0,0,
2024-08-01T01:13:58.930330,30.013333333333335,8.066666666666666,-25.92,-1.4503173828125,-0.249267578125,0.9537353515625,0.426829268292683,1.4634146341463417,-0.30487804878048785,0.0,0.0,0.0,0,0,0,
2024-08-01T01:13:58.943131,30.026666666666667,7.960000000000001,-25.880000000000003,-1.4552001953125,-0.24365234375,0.950927734375,0.2134146341463415,1.2804878048780488,-0.1829268292682927,0.0,0.0,0.0,0,0,0,
2024-08-01T01:13:58.956341,30.013333333333335,7.986666666666667,-25.92,-1.4544677734375,-0.2457275390625,0.9500732421875,0.12195121951219513,1.8597560975609757,-0.15243902439024393,0.0,0.0,0.0,0,0,0,
2024-08-01T01:13:58.971636,30.000000000000004,7.986666666666667,-25.880000000000003,-1.451416015625,-0.2366943359375,0.9549560546875,0.09146341463414635,1.3719512195121952,-0.30487804878048785,0.0,0.0,0.0,0,0,0,
2024-08-01T01:13:58.983691,30.013333333333335,8.0,-25.92,-1.448974609375,-0.240478515625,0.9500732421875,0.6402439024390244,1.0060975609756098,-0.39634146341463417,0.0,0.0,0.0,0,0,0,
2024-08-01T01:13:58.996101,30.013333333333335,8.0,-25.92,-1.45458984375,-0.2445068359375,0.9476318359375,0.5487804878048781,1.707317073170732,-0.30487804878048785,0.0,0.0,0.0,0,0,0,
2024-08-01T01:13:59.009372,30.040000000000003,7.973333333333334,-25.90666666666667,-1.4569091796875,-0.2459716796875,0.9527587890625,0.15243902439024393,1.0670731707317074,-0.3353658536585366,0.0,0.0,0.0,0,0,0,
2024-08-01T01:13:59.022028,30.12,7.960000000000001,-25.813333333333336,-1.45263671875,-0.2425537109375,0.9488525390625,-0.030487804878048783,1.3719512195121952,-0.30487804878048785,0.0,0.0,0.0,0,0,0,
2024-08-01T01:13:59.035312,29.933333333333334,7.960000000000001,-25.813333333333336,-1.451416015625,-0.245361328125,0.953857421875,0.2134146341463415,1.4634146341463417,-0.426829268292683,0.0,0.0,0.0,0,0,0,
2024-08-01T01:13:59.048400,30.013333333333335,7.973333333333334,-26.0,-1.452880859375,-0.2464599609375,0.9554443359375,0.48780487804878053,1.3414634146341464,-0.5182926829268293,0.0,0.0,0.0,0,0,0,
2024-08-01T01:13:59.061254,29.986666666666668,7.973333333333334,-25.826666666666668,-1.4560546875,-0.24755859375,0.947998046875,0.24390243902439027,1.25,-0.48780487804878053,0.0,0.0,0.0,0,0,0,
2024-08-01T01:13:59.074536,29.92,7.933333333333334,-25.96,-1.4525146484375,-0.2440185546875,0.950439453125,0.030487804878048783,1.0670731707317074,-0.27439024390243905,0.0,0.0,0.0,0,0,0,
2024-08-01T01:13:59.087540,30.133333333333336,7.960000000000001,-26.0,-1.4503173828125,-0.2410888671875,0.9495849609375,0.3353658536585366,1.4634146341463417,-0.15243902439024393,0.0,0.0,0.0,0,0,0,
2024-08-01T01:13:59.100670,29.893333333333334,7.880000000000001,-25.92,-1.4537353515625,-0.2413330078125,0.9534912109375,0.4573170731707317,1.3109756097560976,-0.48780487804878053,0.0,0.0,0.0,0,0,0,
2024-08-01T01:13:59.113716,30.160000000000004,7.866666666666667,-25.893333333333334,-1.46044921875,-0.2452392578125,0.9471435546875,0.24390243902439027,1.0365853658536586,-0.27439024390243905,0.0,0.0,0.0,0,0,0,
2024-08-01T01:13:59.126847,30.080000000000002,8.0,-25.880000000000003,-1.4591064453125,-0.246826171875,0.949951171875,-0.15243902439024393,1.128048780487805,-0.09146341463414635,0.0,0.0,0.0,0,0,0,
2024-08-01T01:13:59.139995,29.973333333333336,7.8933333333333335,-25.880000000000003,-1.45361328125,-0.243896484375,0.951416015625,0.3353658536585366,1.4329268292682928,-0.12195121951219513,0.0,0.0,0.0,0,0,0,
2024-08-01T01:13:59.152975,30.013333333333335,8.106666666666667,-25.893333333333334,-1.4576416015625,-0.2452392578125,0.952392578125,0.2134146341463415,1.25,-0.48780487804878053,0.0,0.0,0.0,0,0,0,
2024-08-01T01:13:59.166297,30.013333333333335,8.0,-25.893333333333334,-1.46044921875,-0.2462158203125,0.9537353515625,0.853658536585366,1.707317073170732,-0.39634146341463417,0.0,0.0,0.0,0,0,0,
2024-08-01T01:13:59.179322,30.000000000000004,7.8533333333333335,-25.880000000000003,-1.4605712890625,-0.248046875,0.95654296875,0.426829268292683,1.0670731707317074,-0.27439024390243905,0.0,0.0,0.0,0,0,0,
2024-08-01T01:13:59.192550,30.040000000000003,7.933333333333334,-25.880000000000003,-1.456787109375,-0.245361328125,0.9501953125,0.12195121951219513,1.0670731707317074,-0.09146341463414635,0.0,0.0,0.0,0,0,0,
2024-08-01T01:13:59.206135,30.013333333333335,7.973333333333334,-25.90666666666667,-1.4541015625,-0.2425537109375,0.9559326171875,0.30487804878048785,1.3414634146341464,-0.30487804878048785,0.0,0.0,0.0,0,0,0,
2024-08-01T01:13:59.220048,29.986666666666668,7.880000000000001,-25.933333333333334,-1.457275390625,-0.2431640625,0.9532470703125,-0.030487804878048783,1.2195121951219514,-0.5182926829268293,0.0,0.0,0.0,0,0,0,
2024-08-01T01:13:59.231810,29.986666666666668,7.880000000000001,-25.933333333333334,-1.458251953125,-0.2510986328125,0.95068359375,0.39634146341463417,1.6463414634146343,-0.39634146341463417,0.0,0.0,0.0,0,0,0,
2024-08-01T01:13:59.245783,30.026666666666667,8.0,-25.866666666666667,-1.4569091796875,-0.24365234375,0.954345703125,0.2134146341463415,0.9451219512195123,-0.39634146341463417,0.0,0.0,0.0,0,0,0,
2024-08-01T01:13:59.258755,30.000000000000004,8.0,-25.840000000000003,-1.4552001953125,-0.2440185546875,0.9560546875,-0.15243902439024393,1.524390243902439,-0.39634146341463417,0.0,0.0,0.0,0,0,0,
2024-08-01T01:13:59.271913,29.96,8.0,-25.74666666666667,-1.45068359375,-0.2421875,0.9501953125,0.3353658536585366,1.3109756097560976,-0.09146341463414635,0.0,0.0,0.0,0,0,0,
2024-08-01T01:13:59.285182,29.96,7.933333333333334,-25.96,-1.4547119140625,-0.241455078125,0.9525146484375,0.426829268292683,1.128048780487805,-0.3353658536585366,0.0,0.0,0.0,0,0,0,
2024-08-01T01:13:59.298402,29.880000000000003,7.960000000000001,-25.880000000000003,-1.455078125,-0.2449951171875,0.951171875,0.39634146341463417,1.5853658536585367,-0.5182926829268293,0.0,0.0,0.0,0,0,0,
2024-08-01T01:13:59.311293,29.78666666666667,8.026666666666667,-25.613333333333333,-1.453369140625,-0.2462158203125,0.9512939453125,0.2134146341463415,0.8841463414634148,-0.12195121951219513,0.0,0.0,0.0,0,0,0,
2024-08-01T01:13:59.323748,29.840000000000003,8.013333333333334,-25.973333333333336,-1.4498291015625,-0.2476806640625,0.9534912109375,0.12195121951219513,1.0060975609756098,-0.1829268292682927,0.0,0.0,0.0,0,0,0,
2024-08-01T01:13:59.336859,29.986666666666668,7.826666666666667,-25.893333333333334,-1.4483642578125,-0.2435302734375,0.9493408203125,0.39634146341463417,1.7378048780487807,-0.3353658536585366,0.0,0.0,0.0,0,0,0,
2024-08-01T01:13:59.349920,30.186666666666667,7.8933333333333335,-25.90666666666667,-1.452392578125,-0.2421875,0.9566650390625,0.3353658536585366,1.2195121951219514,-0.5487804878048781,0.0,0.0,0.0,0,0,0,
2024-08-01T01:13:59.363232,30.026666666666667,7.986666666666667,-25.90666666666667,-1.4580078125,-0.24365234375,0.9527587890625,0.4573170731707317,1.2195121951219514,-0.30487804878048785,0.0,0.0,0.0,0,0,0,
2024-08-01T01:13:59.376106,30.013333333333335,7.906666666666667,-25.893333333333334,-1.4552001953125,-0.2464599609375,0.955322265625,-0.12195121951219513,0.9756097560975611,-0.12195121951219513,0.0,0.0,0.0,0,0,0,
2024-08-01T01:13:59.389306,30.013333333333335,8.053333333333335,-25.90666666666667,-1.4510498046875,-0.2430419921875,0.9481201171875,0.3353658536585366,1.8597560975609757,-0.3353658536585366,0.0,0.0,0.0,0,0,0,
2024-08-01T01:13:59.403010,30.000000000000004,7.946666666666667,-25.90666666666667,-1.4559326171875,-0.246337890625,0.9534912109375,0.4573170731707317,1.4634146341463417,-0.426829268292683,0.0,0.0,0.0,0,0,0,
2024-08-01T01:13:59.415636,30.000000000000004,7.946666666666667,-25.880000000000003,-1.455810546875,-0.24560546875,0.9561767578125,0.09146341463414635,1.25,-0.24390243902439027,0.0,0.0,0.0,0,0,0,
2024-08-01T01:13:59.428719,30.026666666666667,8.0,-25.90666666666667,-1.4599609375,-0.242431640625,0.9476318359375,0.06097560975609757,1.4634146341463417,-0.12195121951219513,0.0,0.0,0.0,0,0,0,
2024-08-01T01:13:59.442290,29.986666666666668,7.986666666666667,-25.866666666666667,-1.454345703125,-0.2393798828125,0.953369140625,0.0,1.1585365853658538,-0.09146341463414635,0.0,0.0,0.0,0,0,0,
2024-08-01T01:13:59.456376,30.013333333333335,7.973333333333334,-25.90666666666667,-1.456298828125,-0.2462158203125,0.9525146484375,0.27439024390243905,1.3719512195121952,-0.3658536585365854,0.0,0.0,0.0,0,0,0,
2024-08-01T01:13:59.468227,30.013333333333335,7.973333333333334,-25.90666666666667,-1.455810546875,-0.2412109375,0.9522705078125,0.426829268292683,1.5548780487804879,-0.30487804878048785,0.0,0.0,0.0,0,0,0,
2024-08-01T01:13:59.481227,30.040000000000003,7.986666666666667,-25.866666666666667,-1.4571533203125,-0.250244140625,0.9495849609375,0.1829268292682927,1.4329268292682928,-0.3658536585365854,0.0,0.0,0.0,0,0,0,
2024-08-01T01:13:59.494285,30.000000000000004,7.986666666666667,-25.8,-1.455078125,-0.24169921875,0.9530029296875,0.06097560975609757,0.9146341463414634,-0.030487804878048783,0.0,0.0,0.0,0,0,0,
2024-08-01T01:13:59.507331,30.013333333333335,7.973333333333334,-25.8,-1.4520263671875,-0.2476806640625,0.948486328125,0.3353658536585366,1.524390243902439,-0.3658536585365854,0.0,0.0,0.0,0,0,0,
2024-08-01T01:13:59.520483,29.973333333333336,7.960000000000001,-25.973333333333336,-1.45556640625,-0.2457275390625,0.9532470703125,0.48780487804878053,1.2804878048780488,-0.24390243902439027,0.0,0.0,0.0,0,0,0,
2024-08-01T01:13:59.534291,29.893333333333334,7.973333333333334,-25.853333333333335,-1.458984375,-0.2451171875,0.948974609375,0.1829268292682927,1.402439024390244,-0.426829268292683,0.0,0.0,0.0,0,0,0,
2024-08-01T01:13:59.546685,30.040000000000003,7.986666666666667,-25.8,-1.4595947265625,-0.25048828125,0.9510498046875,0.0,1.4634146341463417,-0.3353658536585366,0.0,0.0,0.0,0,0,0,
2024-08-01T01:13:59.559968,30.026666666666667,7.946666666666667,-25.90666666666667,-1.4517822265625,-0.24462890625,0.9512939453125,0.24390243902439027,1.0975609756097562,-0.1829268292682927,0.0,0.0,0.0,0,0,0,
2024-08-01T01:13:59.572865,29.986666666666668,7.840000000000001,-25.90666666666667,-1.454833984375,-0.2431640625,0.9522705078125,0.5182926829268293,1.2804878048780488,-0.15243902439024393,0.0,0.0,0.0,0,0,0,
2024-08-01T01:13:59.585924,30.12,8.013333333333334,-25.893333333333334,-1.454345703125,-0.2491455078125,0.947509765625,0.5792682926829269,1.3414634146341464,-0.3658536585365854,0.0,0.0,0.0,0,0,0,
2024-08-01T01:13:59.599208,29.94666666666667,7.906666666666667,-25.92,-1.455322265625,-0.2474365234375,0.947265625,0.3658536585365854,1.4634146341463417,-0.426829268292683,0.0,0.0,0.0,0,0,0,
2024-08-01T01:13:59.612568,29.986666666666668,7.933333333333334,-25.92,-1.4573974609375,-0.24853515625,0.951416015625,0.12195121951219513,1.2804878048780488,-0.15243902439024393,0.0,0.0,0.0,0,0,0,
2024-08-01T01:13:59.625358,30.013333333333335,8.08,-25.90666666666667,-1.456298828125,-0.2470703125,0.9515380859375,0.27439024390243905,1.3109756097560976,-0.3353658536585366,0.0,0.0,0.0,0,0,0,
2024-08-01T01:13:59.638306,30.040000000000003,7.946666666666667,-25.90666666666667,-1.4498291015625,-0.245849609375,0.9505615234375,0.5487804878048781,1.2804878048780488,-0.27439024390243905,0.0,0.0,0.0,0,0,0,
2024-08-01T01:13:59.651776,30.013333333333335,7.973333333333334,-25.90666666666667,-1.45458984375,-0.247314453125,0.9517822265625,0.30487804878048785,1.1890243902439026,-0.30487804878048785,0.0,0.0,0.0,0,0,0,
2024-08-01T01:13:59.664857,30.000000000000004,7.960000000000001,-25.90666666666667,-1.4583740234375,-0.2420654296875,0.9483642578125,0.09146341463414635,1.402439024390244,-0.5182926829268293,0.0,0.0,0.0,0,0,0,
2024-08-01T01:13:59.679777,30.000000000000004,7.960000000000001,-25.90666666666667,-1.453125,-0.2452392578125,0.9493408203125,0.24390243902439027,1.0670731707317074,-0.30487804878048785,0.0,0.0,0.0,0,0,0,
2024-08-01T01:13:59.692543,29.973333333333336,8.0,-25.893333333333334,-1.454833984375,-0.2457275390625,0.9530029296875,0.6402439024390244,1.402439024390244,-0.39634146341463417,0.0,0.0,0.0,0,0,0,
2024-08-01T01:13:59.704220,29.973333333333336,8.0,-25.893333333333334,-1.4552001953125,-0.247314453125,0.9520263671875,0.15243902439024393,1.6158536585365855,-0.3353658536585366,0.0,0.0,0.0,0,0,0,
2024-08-01T01:13:59.717382,30.040000000000003,7.973333333333334,-25.90666666666667,-1.4515380859375,-0.246826171875,0.9473876953125,0.3658536585365854,1.3719512195121952,-0.24390243902439027,0.0,0.0,0.0,0,0,0,
2024-08-01T01:13:59.730716,29.986666666666668,7.8933333333333335,-25.76,-1.4522705078125,-0.24365234375,0.950439453125,-0.06097560975609757,1.1890243902439026,-0.2134146341463415,0.0,0.0,0.0,0,0,0,
2024-08-01T01:13:59.743406,30.000000000000004,7.986666666666667,-25.853333333333335,-1.4503173828125,-0.24365234375,0.948974609375,0.30487804878048785,1.1585365853658538,-0.12195121951219513,0.0,0.0,0.0,0,0,0,
2024-08-01T01:13:59.756949,29.973333333333336,7.986666666666667,-25.880000000000003,-1.4542236328125,-0.24462890625,0.952880859375,0.5792682926829269,1.25,-0.39634146341463417,0.0,0.0,0.0,0,0,0,
2024-08-01T01:13:59.769686,29.90666666666667,7.946666666666667,-25.813333333333336,-1.4571533203125,-0.249267578125,0.951171875,0.0,1.1585365853658538,-0.24390243902439027,0.0,0.0,0.0,0,0,0,
2024-08-01T01:13:59.782969,30.080000000000002,7.973333333333334,-26.0,-1.4566650390625,-0.24267578125,0.9505615234375,0.06097560975609757,1.707317073170732,-0.4573170731707317,0.0,0.0,0.0,0,0,0,
2024-08-01T01:13:59.795912,30.000000000000004,7.973333333333334,-25.933333333333334,-1.4532470703125,-0.2421875,0.95361328125,0.2134146341463415,0.9451219512195123,-0.24390243902439027,0.0,0.0,0.0,0,0,0,
2024-08-01T01:13:59.808955,30.000000000000004,7.773333333333333,-25.90666666666667,-1.4522705078125,-0.24462890625,0.953857421875,0.30487804878048785,1.5548780487804879,-0.30487804878048785,0.0,0.0,0.0,0,0,0,
2024-08-01T01:13:59.822228,30.093333333333334,8.040000000000001,-25.893333333333334,-1.455078125,-0.2440185546875,0.95166015625,0.5792682926829269,1.128048780487805,-0.30487804878048785,0.0,0.0,0.0,0,0,0,
2024-08-01T01:13:59.836157,30.013333333333335,7.880000000000001,-25.880000000000003,-1.4566650390625,-0.245361328125,0.9512939453125,-0.15243902439024393,1.1890243902439026,-0.24390243902439027,0.0,0.0,0.0,0,0,0,
2024-08-01T01:13:59.849883,29.973333333333336,7.760000000000001,-25.893333333333334,-1.4566650390625,-0.2452392578125,0.9517822265625,0.06097560975609757,1.402439024390244,-0.1829268292682927,0.0,0.0,0.0,0,0,0,
2024-08-01T01:13:59.861504,30.000000000000004,7.800000000000001,-25.893333333333334,-1.4534912109375,-0.240234375,0.9466552734375,0.24390243902439027,1.128048780487805,-0.3658536585365854,0.0,0.0,0.0,0,0,0,
2024-08-01T01:13:59.874593,30.013333333333335,7.973333333333334,-25.90666666666667,-1.45654296875,-0.2427978515625,0.95166015625,0.39634146341463417,1.829268292682927,-0.3658536585365854,0.0,0.0,0.0,0,0,0,
2024-08-01T01:13:59.887724,29.986666666666668,7.960000000000001,-25.933333333333334,-1.4583740234375,-0.2474365234375,0.9512939453125,0.3353658536585366,1.3719512195121952,-0.5182926829268293,0.0,0.0,0.0,0,0,0,
2024-08-01T01:13:59.901474,30.040000000000003,7.973333333333334,-25.880000000000003,-1.456298828125,-0.2467041015625,0.9527587890625,-0.06097560975609757,0.8841463414634148,-0.1829268292682927,0.0,0.0,0.0,0,0,0,
2024-08-01T01:13:59.915045,30.040000000000003,7.960000000000001,-25.893333333333334,-1.4559326171875,-0.2423095703125,0.9503173828125,0.30487804878048785,1.4939024390243905,-0.3353658536585366,0.0,0.0,0.0,0,0,0,
2024-08-01T01:13:59.926881,30.040000000000003,7.960000000000001,-25.893333333333334,-1.451171875,-0.24609375,0.951416015625,0.39634146341463417,1.1585365853658538,-0.39634146341463417,0.0,0.0,0.0,0,0,0,
2024-08-01T01:13:59.940316,30.013333333333335,7.960000000000001,-25.92,-1.4537353515625,-0.2440185546875,0.9521484375,0.39634146341463417,1.707317073170732,-0.426829268292683,0.0,0.0,0.0,0,0,0,
2024-08-01T01:13:59.953516,29.986666666666668,7.986666666666667,-25.893333333333334,-1.4566650390625,-0.245361328125,0.9537353515625,0.09146341463414635,1.4329268292682928,-0.426829268292683,0.0,0.0,0.0,0,0,0,
2024-08-01T01:13:59.966760,30.000000000000004,7.973333333333334,-25.76,-1.457275390625,-0.2435302734375,0.9498291015625,-0.06097560975609757,0.853658536585366,-0.24390243902439027,0.0,0.0,0.0,0,0,0,
2024-08-01T01:13:59.979803,30.026666666666667,7.960000000000001,-25.90666666666667,-1.446533203125,-0.24267578125,0.946044921875,0.6402439024390244,1.4329268292682928,-0.27439024390243905,0.0,0.0,0.0,0,0,0,
2024-08-01T01:13:59.992721,29.96,7.960000000000001,-25.840000000000003,-1.4539794921875,-0.2420654296875,0.9505615234375,0.30487804878048785,1.1890243902439026,-0.48780487804878053,0.0,0.0,0.0,0,0,0,
2024-08-01T01:14:00.006015,29.893333333333334,7.986666666666667,-25.893333333333334,-1.4564208984375,-0.2469482421875,0.95166015625,0.12195121951219513,1.3414634146341464,-0.1829268292682927,0.0,0.0,0.0,0,0,0,
2024-08-01T01:14:00.019040,30.013333333333335,7.960000000000001,-26.026666666666667,-1.4578857421875,-0.2423095703125,0.9517822265625,0.27439024390243905,1.6158536585365855,-0.1829268292682927,0.0,0.0,0.0,0,0,0,
2024-08-01T01:14:00.033345,29.92,7.960000000000001,-25.880000000000003,-1.4544677734375,-0.245361328125,0.95263671875,0.2134146341463415,1.2195121951219514,-0.1829268292682927,0.0,0.0,0.0,0,0,0,
2024-08-01T01:14:00.045471,30.053333333333335,8.0,-25.96,-1.451416015625,-0.2462158203125,0.949951171875,0.4573170731707317,1.4634146341463417,-0.426829268292683,0.0,0.0,0.0,0,0,0,
2024-08-01T01:14:00.058301,30.093333333333334,8.026666666666667,-25.866666666666667,-1.4625244140625,-0.2451171875,0.9501953125,0.5487804878048781,1.4329268292682928,-0.426829268292683,0.0,0.0,0.0,0,0,0,
2024-08-01T01:14:00.071415,29.94666666666667,7.8933333333333335,-25.92,-1.4576416015625,-0.24365234375,0.9503173828125,0.0,1.0365853658536586,-0.15243902439024393,0.0,0.0,0.0,0,0,0,
2024-08-01T01:14:00.084771,30.013333333333335,8.133333333333335,-25.893333333333334,-1.4505615234375,-0.2454833984375,0.9462890625,0.0,1.402439024390244,-0.24390243902439027,0.0,0.0,0.0,0,0,0,
2024-08-01T01:14:00.098712,30.013333333333335,8.040000000000001,-25.893333333333334,-1.4537353515625,-0.2449951171875,0.9559326171875,0.48780487804878053,1.2804878048780488,-0.24390243902439027,0.0,0.0,0.0,0,0,0,
2024-08-01T01:14:00.110847,30.000000000000004,8.026666666666667,-25.880000000000003,-1.459228515625,-0.2431640625,0.948974609375,0.48780487804878053,1.402439024390244,-0.48780487804878053,0.0,0.0,0.0,0,0,0,
2024-08-01T01:14:00.123908,30.000000000000004,7.946666666666667,-25.90666666666667,-1.453125,-0.24267578125,0.9541015625,0.27439024390243905,1.676829268292683,-0.4573170731707317,0.0,0.0,0.0,0,0,0,
2024-08-01T01:14:00.137193,30.000000000000004,8.0,-25.893333333333334,-1.45556640625,-0.2462158203125,0.9552001953125,-0.30487804878048785,1.0060975609756098,-0.3353658536585366,0.0,0.0,0.0,0,0,0,
2024-08-01T01:14:00.151135,30.000000000000004,7.960000000000001,-25.90666666666667,-1.454345703125,-0.249267578125,0.9539794921875,0.12195121951219513,1.1890243902439026,-0.15243902439024393,0.0,0.0,0.0,0,0,0,
2024-08-01T01:14:00.163232,30.000000000000004,7.960000000000001,-25.90666666666667,-1.4525146484375,-0.244384765625,0.9527587890625,0.3658536585365854,1.7378048780487807,-0.24390243902439027,0.0,0.0,0.0,0,0,0,
2024-08-01T01:14:00.176578,30.013333333333335,7.973333333333334,-25.893333333333334,-1.45849609375,-0.2459716796875,0.9503173828125,0.24390243902439027,1.707317073170732,-0.426829268292683,0.0,0.0,0.0,0,0,0,
2024-08-01T01:14:00.189756,30.013333333333335,7.960000000000001,-25.880000000000003,-1.452880859375,-0.241455078125,0.9552001953125,0.24390243902439027,1.2804878048780488,-0.27439024390243905,0.0,0.0,0.0,0,0,0,
2024-08-01T01:14:00.202777,29.986666666666668,8.026666666666667,-25.773333333333333,-1.453369140625,-0.2440185546875,0.94873046875,0.1829268292682927,0.9146341463414634,-0.3658536585365854,0.0,0.0,0.0,0,0,0,
2024-08-01T01:14:00.215962,29.96,7.986666666666667,-25.986666666666668,-1.4547119140625,-0.2445068359375,0.952392578125,0.3658536585365854,1.4939024390243905,-0.5182926829268293,0.0,0.0,0.0,0,0,0,
2024-08-01T01:14:00.228963,29.96,7.973333333333334,-25.840000000000003,-1.4552001953125,-0.2469482421875,0.9482421875,0.6402439024390244,1.4329268292682928,-0.27439024390243905,0.0,0.0,0.0,0,0,0,
2024-08-01T01:14:00.242234,29.880000000000003,7.960000000000001,-25.92,-1.4539794921875,-0.2449951171875,0.950439453125,0.1829268292682927,1.2804878048780488,-0.5792682926829269,0.0,0.0,0.0,0,0,0,
2024-08-01T01:14:00.255109,30.06666666666667,7.960000000000001,-26.10666666666667,-1.4605712890625,-0.24658203125,0.9512939453125,0.06097560975609757,1.5853658536585367,-0.3353658536585366,0.0,0.0,0.0,0,0,0,
2024-08-01T01:14:00.268238,29.90666666666667,7.880000000000001,-25.866666666666667,-1.459716796875,-0.2431640625,0.9512939453125,0.1829268292682927,1.128048780487805,-0.24390243902439027,0.0,0.0,0.0,0,0,0,
2024-08-01T01:14:00.281460,30.14666666666667,7.960000000000001,-25.90666666666667,-1.4486083984375,-0.24072265625,0.951416015625,0.3658536585365854,1.1890243902439026,-0.30487804878048785,0.0,0.0,0.0,0,0,0,
2024-08-01T01:14:00.294600,30.06666666666667,8.013333333333334,-25.893333333333334,-1.4501953125,-0.2423095703125,0.9510498046875,0.12195121951219513,1.4939024390243905,-0.3658536585365854,0.0,0.0,0.0,0,0,0,
2024-08-01T01:14:00.307785,29.96,7.866666666666667,-25.90666666666667,-1.4595947265625,-0.24365234375,0.951171875,0.2134146341463415,0.8841463414634148,-0.1829268292682927,0.0,0.0,0.0,0,0,0,
2024-08-01T01:14:00.320729,29.986666666666668,8.120000000000001,-25.893333333333334,-1.452880859375,-0.2401123046875,0.9508056640625,0.15243902439024393,1.5853658536585367,-0.426829268292683,0.0,0.0,0.0,0,0,0,
2024-08-01T01:14:00.334523,30.026666666666667,8.053333333333335,-25.880000000000003,-1.45361328125,-0.2421875,0.9486083984375,-0.06097560975609757,1.3414634146341464,-0.27439024390243905,0.0,0.0,0.0,0,0,0,
2024-08-01T01:14:00.347361,30.026666666666667,7.960000000000001,-25.893333333333334,-1.4525146484375,-0.243896484375,0.9501953125,0.5792682926829269,1.0365853658536586,-0.09146341463414635,0.0,0.0,0.0,0,0,0,
2024-08-01T01:14:00.360423,30.000000000000004,7.973333333333334,-25.90666666666667,-1.4530029296875,-0.244140625,0.9512939453125,0.426829268292683,1.1585365853658538,-0.1829268292682927,0.0,0.0,0.0,0,0,0,
2024-08-01T01:14:00.376243,30.013333333333335,7.946666666666667,-25.880000000000003,-1.460693359375,-0.24609375,0.9490966796875,0.0,1.0060975609756098,-0.30487804878048785,0.0,0.0,0.0,0,0,0,
2024-08-01T01:14:00.391648,30.026666666666667,8.0,-25.8,-1.4521484375,-0.242431640625,0.95263671875,0.3353658536585366,1.5853658536585367,-0.030487804878048783,0.0,0.0,0.0,0,0,0,
2024-08-01T01:14:00.400617,30.026666666666667,8.0,-25.8,-1.4521484375,-0.242431640625,0.95263671875,0.06097560975609757,1.4634146341463417,-0.5487804878048781,0.0,0.0,0.0,0,0,0,
2024-08-01T01:14:00.412706,30.000000000000004,7.880000000000001,-25.92,-1.4534912109375,-0.2471923828125,0.9541015625,0.3658536585365854,1.25,-0.030487804878048783,0.0,0.0,0.0,0,0,0,
2024-08-01T01:14:00.425902,29.986666666666668,7.960000000000001,-25.853333333333335,-1.45703125,-0.2413330078125,0.9471435546875,0.24390243902439027,1.4634146341463417,-0.15243902439024393,0.0,0.0,0.0,0,0,0,
2024-08-01T01:14:00.438941,30.013333333333335,7.986666666666667,-25.720000000000002,-1.454833984375,-0.2464599609375,0.953125,0.06097560975609757,1.1585365853658538,-0.24390243902439027,0.0,0.0,0.0,0,0,0,
2024-08-01T01:14:00.451974,30.000000000000004,7.946666666666667,-25.973333333333336,-1.452880859375,-0.243896484375,0.953125,0.5792682926829269,1.0975609756097562,-0.27439024390243905,0.0,0.0,0.0,0,0,0,
2024-08-01T01:14:00.465237,29.853333333333335,8.0,-25.840000000000003,-1.454833984375,-0.241943359375,0.949462890625,0.30487804878048785,1.128048780487805,-0.27439024390243905,0.0,0.0,0.0,0,0,0,
2024-08-01T01:14:00.478253,29.866666666666667,7.986666666666667,-25.893333333333334,-1.4549560546875,-0.242919921875,0.9461669921875,0.27439024390243905,1.4329268292682928,-0.24390243902439027,0.0,0.0,0.0,0,0,0,
2024-08-01T01:14:00.491324,30.06666666666667,7.946666666666667,-25.973333333333336,-1.45849609375,-0.23974609375,0.9490966796875,0.06097560975609757,1.707317073170732,-0.030487804878048783,0.0,0.0,0.0,0,0,0,
2024-08-01T01:14:00.504509,29.933333333333334,7.8533333333333335,-25.90666666666667,-1.4541015625,-0.2430419921875,0.953369140625,0.24390243902439027,0.853658536585366,-0.1829268292682927,0.0,0.0,0.0,0,0,0,
2024-08-01T01:14:00.517687,30.080000000000002,7.960000000000001,-25.94666666666667,-1.45458984375,-0.245361328125,0.952392578125,0.5487804878048781,1.4634146341463417,-0.4573170731707317,0.0,0.0,0.0,0,0,0,
2024-08-01T01:14:00.530720,30.06666666666667,8.040000000000001,-25.90666666666667,-1.4609375,-0.2474365234375,0.947265625,0.3353658536585366,1.0365853658536586,-0.2134146341463415,0.0,0.0,0.0,0,0,0,
2024-08-01T01:14:00.543838,30.013333333333335,7.880000000000001,-25.880000000000003,-1.4576416015625,-0.245849609375,0.9520263671875,0.1829268292682927,1.3414634146341464,-0.1829268292682927,0.0,0.0,0.0,0,0,0,
2024-08-01T01:14:00.556928,29.986666666666668,8.106666666666667,-25.893333333333334,-1.455322265625,-0.245849609375,0.949462890625,0.30487804878048785,1.6158536585365855,-0.27439024390243905,0.0,0.0,0.0,0,0,0,
2024-08-01T01:14:00.580708,29.986666666666668,7.986666666666667,-25.893333333333334,-1.455810546875,-0.243408203125,0.9478759765625,0.426829268292683,0.7621951219512195,-0.15243902439024393,0.0,0.0,0.0,0,0,0,
2024-08-01T01:14:00.585740,30.013333333333335,8.013333333333334,-25.90666666666667,-1.455810546875,-0.243408203125,0.9478759765625,0.5182926829268293,0.9756097560975611,-0.39634146341463417,0.0,0.0,0.0,0,0,0,
2024-08-01T01:14:00.595763,30.000000000000004,8.173333333333334,-25.933333333333334,-1.459716796875,-0.2474365234375,0.952392578125,0.12195121951219513,1.3719512195121952,-0.3353658536585366,0.0,0.0,0.0,0,0,0,
2024-08-01T01:14:00.609029,30.000000000000004,7.973333333333334,-25.893333333333334,-1.4586181640625,-0.2440185546875,0.9495849609375,0.1829268292682927,1.25,-0.24390243902439027,0.0,0.0,0.0,0,0,0,
2024-08-01T01:14:00.622935,30.013333333333335,8.013333333333334,-25.90666666666667,-1.4534912109375,-0.237548828125,0.94921875,0.15243902439024393,1.4939024390243905,-0.2134146341463415,0.0,0.0,0.0,0,0,0,
2024-08-01T01:14:00.635226,30.013333333333335,8.013333333333334,-25.90666666666667,-1.448486328125,-0.241943359375,0.952392578125,0.1829268292682927,1.3109756097560976,-0.12195121951219513,0.0,0.0,0.0,0,0,0,
2024-08-01T01:14:00.648176,30.026666666666667,7.933333333333334,-25.92,-1.4539794921875,-0.2451171875,0.952392578125,0.701219512195122,1.3414634146341464,-0.3353658536585366,0.0,0.0,0.0,0,0,0,
2024-08-01T01:14:00.661621,30.026666666666667,7.986666666666667,-25.813333333333336,-1.4573974609375,-0.246337890625,0.94970703125,0.09146341463414635,1.3109756097560976,-0.39634146341463417,0.0,0.0,0.0,0,0,0,
2024-08-01T01:14:00.674367,30.000000000000004,7.960000000000001,-25.813333333333336,-1.4521484375,-0.2431640625,0.9517822265625,0.09146341463414635,1.402439024390244,-0.3353658536585366,0.0,0.0,0.0,0,0,0,
2024-08-01T01:14:00.689252,29.96,7.973333333333334,-25.893333333333334,-1.451904296875,-0.242431640625,0.9505615234375,0.27439024390243905,1.3109756097560976,-0.3658536585365854,0.0,0.0,0.0,0,0,0,
2024-08-01T01:14:00.708317,29.880000000000003,8.0,-25.74666666666667,-1.454345703125,-0.2469482421875,0.947021484375,0.5792682926829269,1.707317073170732,-0.5487804878048781,0.0,0.0,0.0,0,0,0,
2024-08-01T01:14:00.717331,30.200000000000003,7.986666666666667,-25.880000000000003,-1.458251953125,-0.2457275390625,0.9493408203125,0.39634146341463417,1.2195121951219514,-0.30487804878048785,0.0,0.0,0.0,0,0,0,
2024-08-01T01:14:00.727584,29.853333333333335,8.186666666666667,-25.853333333333335,-1.4560546875,-0.2470703125,0.9473876953125,0.15243902439024393,0.9756097560975611,-0.24390243902439027,0.0,0.0,0.0,0,0,0,
2024-08-01T01:14:00.740565,29.986666666666668,7.8133333333333335,-25.90666666666667,-1.4530029296875,-0.2432861328125,0.952880859375,0.39634146341463417,0.8841463414634148,-0.09146341463414635,0.0,0.0,0.0,0,0,0,
2024-08-01T01:14:00.753751,30.133333333333336,8.066666666666666,-25.90666666666667,-1.4556884765625,-0.244873046875,0.950927734375,0.3353658536585366,1.3414634146341464,-0.39634146341463417,0.0,0.0,0.0,0,0,0,
2024-08-01T01:14:00.766960,30.026666666666667,7.920000000000001,-25.826666666666668,-1.4560546875,-0.2471923828125,0.9488525390625,0.426829268292683,1.707317073170732,-0.27439024390243905,0.0,0.0,0.0,0,0,0,
2024-08-01T01:14:00.779841,29.986666666666668,7.920000000000001,-25.893333333333334,-1.4560546875,-0.24365234375,0.9488525390625,0.24390243902439027,1.7378048780487807,-0.24390243902439027,0.0,0.0,0.0,0,0,0,
2024-08-01T01:14:00.793071,30.000000000000004,8.066666666666666,-25.893333333333334,-1.4537353515625,-0.2432861328125,0.9515380859375,0.2134146341463415,0.853658536585366,-0.12195121951219513,0.0,0.0,0.0,0,0,0,
2024-08-01T01:14:00.806030,30.013333333333335,7.946666666666667,-25.880000000000003,-1.4539794921875,-0.2462158203125,0.9486083984375,0.5182926829268293,0.9451219512195123,-0.27439024390243905,0.0,0.0,0.0,0,0,0,
2024-08-01T01:14:00.819330,30.040000000000003,7.8533333333333335,-25.880000000000003,-1.4521484375,-0.24462890625,0.9520263671875,0.3353658536585366,1.128048780487805,-0.6097560975609757,0.0,0.0,0.0,0,0,0,
2024-08-01T01:14:00.833531,30.12,7.933333333333334,-25.853333333333335,-1.459228515625,-0.2470703125,0.94921875,0.27439024390243905,1.829268292682927,-0.48780487804878053,0.0,0.0,0.0,0,0,0,
2024-08-01T01:14:00.846130,29.986666666666668,7.986666666666667,-25.90666666666667,-1.4581298828125,-0.2445068359375,0.94873046875,-0.06097560975609757,1.7378048780487807,-0.27439024390243905,0.0,0.0,0.0,0,0,0,
2024-08-01T01:14:00.860397,30.013333333333335,7.946666666666667,-25.893333333333334,-1.452392578125,-0.2430419921875,0.9544677734375,0.2134146341463415,1.1585365853658538,-0.2134146341463415,0.0,0.0,0.0,0,0,0,
2024-08-01T01:14:00.871964,30.013333333333335,7.946666666666667,-25.893333333333334,-1.450439453125,-0.238525390625,0.9482421875,0.426829268292683,1.1890243902439026,-0.3353658536585366,0.0,0.0,0.0,0,0,0,
2024-08-01T01:14:00.884970,30.000000000000004,7.960000000000001,-25.880000000000003,-1.4573974609375,-0.250732421875,0.9527587890625,0.3353658536585366,0.8231707317073171,-0.24390243902439027,0.0,0.0,0.0,0,0,0,
2024-08-01T01:14:00.899780,29.973333333333336,8.0,-25.813333333333336,-1.462646484375,-0.244873046875,0.950439453125,0.0,0.9146341463414634,-0.06097560975609757,0.0,0.0,0.0,0,0,0,
2024-08-01T01:14:00.913785,30.000000000000004,7.986666666666667,-25.840000000000003,-1.454345703125,-0.2445068359375,0.948486328125,0.3353658536585366,1.2804878048780488,-0.3353658536585366,0.0,0.0,0.0,0,0,0,
2024-08-01T01:14:00.925682,29.90666666666667,8.0,-25.74666666666667,-1.456298828125,-0.24072265625,0.946044921875,0.30487804878048785,1.6158536585365855,-0.06097560975609757,0.0,0.0,0.0,0,0,0,
2024-08-01T01:14:00.939496,29.853333333333335,8.013333333333334,-26.0,-1.45556640625,-0.245361328125,0.9515380859375,0.5487804878048781,1.7682926829268295,-0.426829268292683,0.0,0.0,0.0,0,0,0,
2024-08-01T01:14:00.951281,29.986666666666668,7.960000000000001,-25.973333333333336,-1.4571533203125,-0.2476806640625,0.9544677734375,0.27439024390243905,1.0365853658536586,-0.30487804878048785,0.0,0.0,0.0,0,0,0,
2024-08-01T01:14:00.963691,30.093333333333334,7.960000000000001,-26.040000000000003,-1.4608154296875,-0.2451171875,0.952880859375,0.1829268292682927,0.7621951219512195,-0.27439024390243905,0.0,0.0,0.0,0,0,0,
2024-08-01T01:14:00.977015,29.986666666666668,7.786666666666667,-25.893333333333334,-1.45361328125,-0.24365234375,0.952880859375,0.4573170731707317,1.0060975609756098,-0.27439024390243905,0.0,0.0,0.0,0,0,0,
2024-08-01T01:14:00.989927,30.133333333333336,8.040000000000001,-25.90666666666667,-1.455322265625,-0.2454833984375,0.9476318359375,0.27439024390243905,1.6463414634146343,-0.5182926829268293,0.0,0.0,0.0,0,0,0,
2024-08-01T01:14:01.003151,30.013333333333335,7.840000000000001,-25.893333333333334,-1.4560546875,-0.248291015625,0.9493408203125,0.5487804878048781,2.1951219512195124,-0.6097560975609757,0.0,0.0,0.0,0,0,0,
2024-08-01T01:14:01.016118,30.013333333333335,7.946666666666667,-25.880000000000003,-1.4580078125,-0.24609375,0.95068359375,0.24390243902439027,0.8231707317073171,-0.2134146341463415,0.0,0.0,0.0,0,0,0,
2024-08-01T01:14:01.029135,30.000000000000004,8.08,-25.880000000000003,-1.4500732421875,-0.2412109375,0.9522705078125,0.09146341463414635,1.0975609756097562,-0.15243902439024393,0.0,0.0,0.0,0,0,0,
2024-08-01T01:14:01.042334,30.013333333333335,7.986666666666667,-25.90666666666667,-1.453857421875,-0.243896484375,0.950927734375,0.1829268292682927,1.25,-0.1829268292682927,0.0,0.0,0.0,0,0,0,
2024-08-01T01:14:01.055499,30.026666666666667,7.946666666666667,-25.826666666666668,-1.4576416015625,-0.250244140625,0.9522705078125,0.3658536585365854,1.128048780487805,-0.27439024390243905,0.0,0.0,0.0,0,0,0,
2024-08-01T01:14:01.069421,30.000000000000004,7.906666666666667,-25.90666666666667,-1.4556884765625,-0.240478515625,0.950439453125,0.30487804878048785,1.8902439024390245,-0.5487804878048781,0.0,0.0,0.0,0,0,0,
2024-08-01T01:14:01.082957,29.986666666666668,7.973333333333334,-25.90666666666667,-1.453369140625,-0.2451171875,0.952880859375,0.1829268292682927,1.402439024390244,-0.2134146341463415,0.0,0.0,0.0,0,0,0,
2024-08-01T01:14:01.095990,29.986666666666668,7.973333333333334,-25.90666666666667,-1.45458984375,-0.2420654296875,0.9520263671875,0.15243902439024393,1.2804878048780488,-0.06097560975609757,0.0,0.0,0.0,0,0,0,
2024-08-01T01:14:01.108241,30.013333333333335,7.960000000000001,-25.90666666666667,-1.4554443359375,-0.2449951171875,0.9532470703125,0.6402439024390244,1.128048780487805,-0.15243902439024393,0.0,0.0,0.0,0,0,0,
2024-08-01T01:14:01.121199,30.013333333333335,7.973333333333334,-25.94666666666667,-1.4566650390625,-0.2415771484375,0.94873046875,0.5182926829268293,1.0365853658536586,-0.5792682926829269,0.0,0.0,0.0,0,0,0,
2024-08-01T01:14:01.134334,29.973333333333336,7.986666666666667,-25.76,-1.4642333984375,-0.24462890625,0.9478759765625,0.06097560975609757,1.4329268292682928,-0.426829268292683,0.0,0.0,0.0,0,0,0,
2024-08-01T01:14:01.147711,30.026666666666667,7.973333333333334,-25.92,-1.4569091796875,-0.2471923828125,0.950439453125,-0.12195121951219513,1.3414634146341464,0.030487804878048783,0.0,0.0,0.0,0,0,0,
2024-08-01T01:14:01.160420,30.040000000000003,7.960000000000001,-25.893333333333334,-1.4500732421875,-0.2467041015625,0.9532470703125,0.2134146341463415,1.5853658536585367,-0.30487804878048785,0.0,0.0,0.0,0,0,0,
2024-08-01T01:14:01.173635,29.880000000000003,7.960000000000001,-25.866666666666667,-1.4532470703125,-0.2451171875,0.950927734375,0.6707317073170732,1.402439024390244,-0.48780487804878053,0.0,0.0,0.0,0,0,0,
2024-08-01T01:14:01.186781,30.06666666666667,7.973333333333334,-25.973333333333336,-1.45703125,-0.2454833984375,0.9552001953125,0.3353658536585366,0.701219512195122,-0.24390243902439027,0.0,0.0,0.0,0,0,0,
2024-08-01T01:14:01.199789,29.90666666666667,7.866666666666667,-25.866666666666667,-1.454345703125,-0.242919921875,0.9466552734375,0.1829268292682927,1.0365853658536586,-0.030487804878048783,0.0,0.0,0.0,0,0,0,
2024-08-01T01:14:01.212962,30.10666666666667,7.8133333333333335,-25.853333333333335,-1.4527587890625,-0.247314453125,0.9517822265625,0.15243902439024393,1.5548780487804879,-0.09146341463414635,0.0,0.0,0.0,0,0,0,
2024-08-01T01:14:01.225965,30.10666666666667,8.026666666666667,-25.893333333333334,-1.45654296875,-0.2452392578125,0.9495849609375,0.4573170731707317,1.8902439024390245,-0.4573170731707317,0.0,0.0,0.0,0,0,0,
2024-08-01T01:14:01.239257,30.013333333333335,7.866666666666667,-25.893333333333334,-1.4569091796875,-0.2435302734375,0.9527587890625,0.6402439024390244,1.524390243902439,-0.3658536585365854,0.0,0.0,0.0,0,0,0,
2024-08-01T01:14:01.252089,29.973333333333336,8.013333333333334,-25.90666666666667,-1.4547119140625,-0.243896484375,0.954345703125,0.12195121951219513,0.9756097560975611,-0.3658536585365854,0.0,0.0,0.0,0,0,0,
2024-08-01T01:14:01.265387,30.026666666666667,7.946666666666667,-25.880000000000003,-1.4544677734375,-0.2449951171875,0.953125,0.06097560975609757,1.1585365853658538,-0.09146341463414635,0.0,0.0,0.0,0,0,0,
2024-08-01T01:14:01.278429,30.040000000000003,7.960000000000001,-25.866666666666667,-1.452392578125,-0.2467041015625,0.9454345703125,0.3658536585365854,1.0365853658536586,-0.426829268292683,0.0,0.0,0.0,0,0,0,
2024-08-01T01:14:01.291621,30.013333333333335,8.0,-25.893333333333334,-1.4556884765625,-0.2454833984375,0.9520263671875,0.48780487804878053,1.1890243902439026,-0.3658536585365854,0.0,0.0,0.0,0,0,0,
2024-08-01T01:14:01.306359,30.000000000000004,8.0,-25.90666666666667,-1.4600830078125,-0.2481689453125,0.9495849609375,0.15243902439024393,1.6158536585365855,-0.5182926829268293,0.0,0.0,0.0,0,0,0,
2024-08-01T01:14:01.319067,30.026666666666667,7.946666666666667,-25.893333333333334,-1.4554443359375,-0.248046875,0.9501953125,0.09146341463414635,1.3414634146341464,-0.2134146341463415,0.0,0.0,0.0,0,0,0,
2024-08-01T01:14:01.331060,30.026666666666667,7.946666666666667,-25.893333333333334,-1.448974609375,-0.2388916015625,0.950927734375,-0.030487804878048783,1.0975609756097562,-0.39634146341463417,0.0,0.0,0.0,0,0,0,
2024-08-01T01:14:01.344039,30.026666666666667,7.986666666666667,-25.893333333333334,-1.4530029296875,-0.245361328125,0.952880859375,0.6402439024390244,1.3414634146341464,-0.3353658536585366,0.0,0.0,0.0,0,0,0,
2024-08-01T01:14:01.357134,30.026666666666667,7.946666666666667,-25.840000000000003,-1.4541015625,-0.246826171875,0.948486328125,0.3658536585365854,0.8231707317073171,-0.3658536585365854,0.0,0.0,0.0,0,0,0,
2024-08-01T01:14:01.370268,30.013333333333335,7.973333333333334,-25.813333333333336,-1.462646484375,-0.243896484375,0.95068359375,0.15243902439024393,1.3109756097560976,-0.30487804878048785,0.0,0.0,0.0,0,0,0,
2024-08-01T01:14:01.383317,30.026666666666667,8.013333333333334,-25.96,-1.4547119140625,-0.2431640625,0.9520263671875,0.030487804878048783,1.3109756097560976,-0.27439024390243905,0.0,0.0,0.0,0,0,0,
2024-08-01T01:14:01.396643,29.893333333333334,7.946666666666667,-25.773333333333333,-1.4498291015625,-0.242919921875,0.95263671875,0.06097560975609757,1.707317073170732,-0.426829268292683,0.0,0.0,0.0,0,0,0,
2024-08-01T01:14:01.409620,29.880000000000003,7.960000000000001,-25.933333333333334,-1.455810546875,-0.2467041015625,0.9539794921875,0.6402439024390244,1.25,-0.27439024390243905,0.0,0.0,0.0,0,0,0,
2024-08-01T01:14:01.422876,30.093333333333334,7.973333333333334,-26.0,-1.4539794921875,-0.244873046875,0.953369140625,0.24390243902439027,0.6097560975609757,-0.27439024390243905,0.0,0.0,0.0,0,0,0,
2024-08-01T01:14:01.437465,29.92,7.840000000000001,-25.866666666666667,-1.4603271484375,-0.250244140625,0.947265625,0.12195121951219513,1.1890243902439026,-0.48780487804878053,0.0,0.0,0.0,0,0,0,
2024-08-01T01:14:01.450316,29.90666666666667,7.706666666666667,-25.813333333333336,-1.453369140625,-0.2481689453125,0.9500732421875,0.24390243902439027,1.3414634146341464,-0.3353658536585366,0.0,0.0,0.0,0,0,0,
2024-08-01T01:14:01.462012,30.06666666666667,7.840000000000001,-25.866666666666667,-1.455322265625,-0.2431640625,0.9503173828125,0.3658536585365854,1.3414634146341464,-0.2134146341463415,0.0,0.0,0.0,0,0,0,
2024-08-01T01:14:01.475356,30.026666666666667,7.920000000000001,-25.893333333333334,-1.459716796875,-0.247314453125,0.94970703125,0.3353658536585366,1.6463414634146343,-0.30487804878048785,0.0,0.0,0.0,0,0,0,
2024-08-01T01:14:01.488377,30.013333333333335,8.173333333333334,-25.90666666666667,-1.4525146484375,-0.2420654296875,0.9500732421875,0.24390243902439027,1.1585365853658538,-0.3353658536585366,0.0,0.0,0.0,0,0,0,
2024-08-01T01:14:01.501476,30.053333333333335,8.013333333333334,-25.880000000000003,-1.4544677734375,-0.2449951171875,0.9483642578125,0.1829268292682927,0.9451219512195123,-0.030487804878048783,0.0,0.0,0.0,0,0,0,
2024-08-01T01:14:01.514572,30.22666666666667,8.0,-25.880000000000003,-1.4532470703125,-0.2449951171875,0.947021484375,0.39634146341463417,1.2195121951219514,-0.09146341463414635,0.0,0.0,0.0,0,0,0,
2024-08-01T01:14:01.527812,30.040000000000003,7.920000000000001,-25.90666666666667,-1.4556884765625,-0.244384765625,0.9512939453125,0.4573170731707317,1.5853658536585367,-0.3658536585365854,0.0,0.0,0.0,0,0,0,
2024-08-01T01:14:01.541129,30.026666666666667,8.0,-25.94666666666667,-1.462158203125,-0.2476806640625,0.953857421875,0.24390243902439027,1.1585365853658538,-0.27439024390243905,0.0,0.0,0.0,0,0,0,
2024-08-01T01:14:01.555352,29.986666666666668,7.960000000000001,-25.933333333333334,-1.4583740234375,-0.2435302734375,0.950927734375,0.030487804878048783,1.3109756097560976,-0.09146341463414635,0.0,0.0,0.0,0,0,0,
2024-08-01T01:14:01.567068,29.986666666666668,7.960000000000001,-25.933333333333334,-1.4544677734375,-0.240478515625,0.95068359375,0.15243902439024393,1.3719512195121952,-0.12195121951219513,0.0,0.0,0.0,0,0,0,
2024-08-01T01:14:01.580269,30.026666666666667,7.986666666666667,-25.893333333333334,-1.452880859375,-0.2464599609375,0.9486083984375,0.39634146341463417,1.402439024390244,-0.5182926829268293,0.0,0.0,0.0,0,0,0,
2024-08-01T01:14:01.593216,30.026666666666667,7.986666666666667,-25.74666666666667,-1.45361328125,-0.2412109375,0.95458984375,0.4573170731707317,1.0365853658536586,-0.3658536585365854,0.0,0.0,0.0,0,0,0,
2024-08-01T01:14:01.606570,30.026666666666667,7.960000000000001,-25.840000000000003,-1.45703125,-0.242919921875,0.949462890625,0.1829268292682927,1.0365853658536586,-0.1829268292682927,0.0,0.0,0.0,0,0,0,
2024-08-01T01:14:01.619502,30.000000000000004,8.0,-25.973333333333336,-1.453125,-0.2440185546875,0.9476318359375,0.30487804878048785,1.4939024390243905,-0.15243902439024393,0.0,0.0,0.0,0,0,0,
2024-08-01T01:14:01.632722,29.880000000000003,7.986666666666667,-25.853333333333335,-1.452880859375,-0.2427978515625,0.952392578125,0.24390243902439027,1.3414634146341464,-0.30487804878048785,0.0,0.0,0.0,0,0,0,
2024-08-01T01:14:01.645750,29.94666666666667,7.946666666666667,-26.053333333333335,-1.455078125,-0.244384765625,0.951416015625,0.30487804878048785,1.524390243902439,-0.48780487804878053,0.0,0.0,0.0,0,0,0,
2024-08-01T01:14:01.659181,30.026666666666667,7.946666666666667,-25.933333333333334,-1.458251953125,-0.243896484375,0.9481201171875,0.426829268292683,1.25,-0.3658536585365854,0.0,0.0,0.0,0,0,0,
2024-08-01T01:14:01.672120,29.866666666666667,7.826666666666667,-25.893333333333334,-1.4583740234375,-0.2462158203125,0.951904296875,0.15243902439024393,1.2195121951219514,-0.06097560975609757,0.0,0.0,0.0,0,0,0,
2024-08-01T01:14:01.685218,30.14666666666667,7.920000000000001,-25.90666666666667,-1.4527587890625,-0.2457275390625,0.9495849609375,0.15243902439024393,1.3719512195121952,-0.48780487804878053,0.0,0.0,0.0,0,0,0,
2024-08-01T01:14:01.698341,30.013333333333335,7.986666666666667,-25.880000000000003,-1.4500732421875,-0.2430419921875,0.94970703125,0.6097560975609757,1.4939024390243905,-0.27439024390243905,0.0,0.0,0.0,0,0,0,
2024-08-01T01:14:01.712064,30.000000000000004,7.920000000000001,-25.90666666666667,-1.457763671875,-0.2457275390625,0.94775390625,0.39634146341463417,1.524390243902439,-0.2134146341463415,0.0,0.0,0.0,0,0,0,
2024-08-01T01:14:01.726186,30.026666666666667,8.040000000000001,-25.866666666666667,-1.4569091796875,-0.2454833984375,0.9503173828125,0.15243902439024393,1.402439024390244,-0.2134146341463415,0.0,0.0,0.0,0,0,0,
2024-08-01T01:14:01.737739,30.000000000000004,7.906666666666667,-25.880000000000003,-1.45068359375,-0.2451171875,0.9517822265625,-0.030487804878048783,1.2195121951219514,-0.06097560975609757,0.0,0.0,0.0,0,0,0,
2024-08-01T01:14:01.750826,29.986666666666668,8.013333333333334,-25.866666666666667,-1.4510498046875,-0.247314453125,0.9501953125,0.426829268292683,1.1585365853658538,-0.426829268292683,0.0,0.0,0.0,0,0,0,
2024-08-01T01:14:01.763902,29.986666666666668,7.973333333333334,-25.90666666666667,-1.455322265625,-0.2420654296875,0.951904296875,0.48780487804878053,1.3414634146341464,-0.27439024390243905,0.0,0.0,0.0,0,0,0,
2024-08-01T01:14:01.777643,30.053333333333335,7.986666666666667,-25.893333333333334,-1.4534912109375,-0.245361328125,0.9505615234375,0.2134146341463415,1.6158536585365855,-0.4573170731707317,0.0,0.0,0.0,0,0,0,
2024-08-01T01:14:01.792861,29.973333333333336,7.973333333333334,-25.90666666666667,-1.4521484375,-0.24853515625,0.9490966796875,0.0,1.524390243902439,-0.09146341463414635,0.0,0.0,0.0,0,0,0,
2024-08-01T01:14:01.803240,29.973333333333336,7.973333333333334,-25.90666666666667,-1.4539794921875,-0.2452392578125,0.951904296875,0.1829268292682927,1.4329268292682928,-0.27439024390243905,0.0,0.0,0.0,0,0,0,
2024-08-01T01:14:01.816515,29.986666666666668,7.986666666666667,-25.90666666666667,-1.453369140625,-0.2445068359375,0.950439453125,0.3658536585365854,1.1585365853658538,-0.39634146341463417,0.0,0.0,0.0,0,0,0,
2024-08-01T01:14:01.829462,30.026666666666667,7.973333333333334,-25.813333333333336,-1.45654296875,-0.2454833984375,0.948486328125,0.48780487804878053,1.3719512195121952,-0.30487804878048785,0.0,0.0,0.0,0,0,0,
2024-08-01T01:14:01.842736,30.013333333333335,7.973333333333334,-25.813333333333336,-1.4549560546875,-0.245849609375,0.9530029296875,0.3658536585365854,1.0975609756097562,-0.24390243902439027,0.0,0.0,0.0,0,0,0,
2024-08-01T01:14:01.855697,30.013333333333335,7.973333333333334,-25.973333333333336,-1.459716796875,-0.2420654296875,0.9512939453125,0.09146341463414635,1.4634146341463417,-0.24390243902439027,0.0,0.0,0.0,0,0,0,
2024-08-01T01:14:01.868941,29.880000000000003,8.0,-25.853333333333335,-1.45556640625,-0.2447509765625,0.9508056640625,0.30487804878048785,1.0670731707317074,-0.2134146341463415,0.0,0.0,0.0,0,0,0,
2024-08-01T01:14:01.882077,29.96,7.920000000000001,-26.14666666666667,-1.4541015625,-0.2464599609375,0.948486328125,0.3353658536585366,1.4939024390243905,-0.3658536585365854,0.0,0.0,0.0,0,0,0,
2024-08-01T01:14:01.895037,30.10666666666667,8.0,-25.94666666666667,-1.4578857421875,-0.24560546875,0.949951171875,0.426829268292683,1.5548780487804879,-0.5792682926829269,0.0,0.0,0.0,0,0,0,
2024-08-01T01:14:01.908373,29.986666666666668,7.8133333333333335,-25.880000000000003,-1.4561767578125,-0.2415771484375,0.9488525390625,0.2134146341463415,1.2195121951219514,-0.2134146341463415,0.0,0.0,0.0,0,0,0,
2024-08-01T01:14:01.921460,30.133333333333336,8.0,-25.866666666666667,-1.454833984375,-0.243408203125,0.9522705078125,0.06097560975609757,1.2195121951219514,-0.12195121951219513,0.0,0.0,0.0,0,0,0,
2024-08-01T01:14:01.934606,30.026666666666667,8.0,-25.893333333333334,-1.451904296875,-0.2430419921875,0.9493408203125,0.6097560975609757,0.9451219512195123,-0.39634146341463417,0.0,0.0,0.0,0,0,0,
2024-08-01T01:14:01.947735,30.026666666666667,7.8933333333333335,-25.866666666666667,-1.4539794921875,-0.2479248046875,0.9500732421875,0.4573170731707317,1.3719512195121952,-0.27439024390243905,0.0,0.0,0.0,0,0,0,
2024-08-01T01:14:01.962298,30.000000000000004,8.093333333333334,-25.880000000000003,-1.4578857421875,-0.2491455078125,0.9503173828125,0.3353658536585366,1.25,-0.27439024390243905,0.0,0.0,0.0,0,0,0,
2024-08-01T01:14:01.975381,30.013333333333335,7.880000000000001,-25.96,-1.4566650390625,-0.2415771484375,0.9503173828125,0.12195121951219513,1.3109756097560976,-0.030487804878048783,0.0,0.0,0.0,0,0,0,
2024-08-01T01:14:01.986953,29.986666666666668,8.106666666666667,-25.880000000000003,-1.4542236328125,-0.2451171875,0.9505615234375,0.15243902439024393,1.2195121951219514,-0.4573170731707317,0.0,0.0,0.0,0,0,0,
2024-08-01T01:14:02.000190,30.013333333333335,7.973333333333334,-25.893333333333334,-1.4556884765625,-0.24609375,0.9493408203125,0.5182926829268293,1.5853658536585367,-0.5792682926829269,0.0,0.0,0.0,0,0,0,
2024-08-01T01:14:02.013720,29.973333333333336,7.960000000000001,-25.893333333333334,-1.458251953125,-0.2493896484375,0.9530029296875,0.3658536585365854,0.9451219512195123,-0.39634146341463417,0.0,0.0,0.0,0,0,0,
2024-08-01T01:14:02.027883,30.013333333333335,7.973333333333334,-25.90666666666667,-1.459228515625,-0.2454833984375,0.9466552734375,0.12195121951219513,1.2804878048780488,-0.15243902439024393,0.0,0.0,0.0,0,0,0,
2024-08-01T01:14:02.039551,30.013333333333335,7.973333333333334,-25.90666666666667,-1.45263671875,-0.247314453125,0.9495849609375,0.030487804878048783,1.2804878048780488,-0.39634146341463417,0.0,0.0,0.0,0,0,0,
2024-08-01T01:14:02.052657,29.973333333333336,7.986666666666667,-25.853333333333335,-1.4501953125,-0.24365234375,0.948486328125,0.4573170731707317,1.3719512195121952,-0.15243902439024393,0.0,0.0,0.0,0,0,0,
2024-08-01T01:14:02.065575,30.040000000000003,8.013333333333334,-25.813333333333336,-1.460205078125,-0.2496337890625,0.9500732421875,0.39634146341463417,1.4329268292682928,-0.3658536585365854,0.0,0.0,0.0,0,0,0,
2024-08-01T01:14:02.078963,29.973333333333336,7.960000000000001,-25.92,-1.454345703125,-0.245361328125,0.949951171875,0.030487804878048783,1.0060975609756098,-0.2134146341463415,0.0,0.0,0.0,0,0,0,
2024-08-01T01:14:02.091878,29.92,8.0,-25.986666666666668,-1.4530029296875,-0.24072265625,0.9520263671875,0.39634146341463417,0.853658536585366,-0.030487804878048783,0.0,0.0,0.0,0,0,0,
2024-08-01T01:14:02.105170,29.866666666666667,8.0,-25.826666666666668,-1.452392578125,-0.244384765625,0.950439453125,0.24390243902439027,1.676829268292683,-0.4573170731707317,0.0,0.0,0.0,0,0,0,
2024-08-01T01:14:02.118017,30.053333333333335,8.0,-26.080000000000002,-1.4527587890625,-0.2431640625,0.9532470703125,0.48780487804878053,1.3414634146341464,-0.39634146341463417,0.0,0.0,0.0,0,0,0,
2024-08-01T01:14:02.131052,29.90666666666667,7.933333333333334,-25.92,-1.4581298828125,-0.2489013671875,0.947509765625,0.27439024390243905,1.2804878048780488,-0.24390243902439027,0.0,0.0,0.0,0,0,0,
2024-08-01T01:14:02.145090,30.080000000000002,7.800000000000001,-25.866666666666667,-1.4581298828125,-0.246826171875,0.949462890625,-0.09146341463414635,1.0365853658536586,-0.15243902439024393,0.0,0.0,0.0,0,0,0,
2024-08-01T01:14:02.157387,30.040000000000003,7.800000000000001,-25.866666666666667,-1.454345703125,-0.24609375,0.9478759765625,0.39634146341463417,1.4939024390243905,-0.30487804878048785,0.0,0.0,0.0,0,0,0,
2024-08-01T01:14:02.170607,30.000000000000004,7.8933333333333335,-25.90666666666667,-1.458740234375,-0.2447509765625,0.948974609375,0.5487804878048781,1.676829268292683,-0.6097560975609757,0.0,0.0,0.0,0,0,0,
2024-08-01T01:14:02.183810,29.986666666666668,8.0,-25.893333333333334,-1.459228515625,-0.243408203125,0.95068359375,0.2134146341463415,1.25,-0.5487804878048781,0.0,0.0,0.0,0,0,0,
2024-08-01T01:14:02.196772,30.000000000000004,8.053333333333335,-25.893333333333334,-1.458740234375,-0.2471923828125,0.9501953125,0.30487804878048785,1.676829268292683,-0.2134146341463415,0.0,0.0,0.0,0,0,0,
2024-08-01T01:14:02.211127,29.986666666666668,7.946666666666667,-25.92,-1.4537353515625,-0.24462890625,0.95361328125,0.24390243902439027,0.9451219512195123,-0.48780487804878053,0.0,0.0,0.0,0,0,0,
2024-08-01T01:14:02.222999,30.026666666666667,7.973333333333334,-25.90666666666667,-1.450927734375,-0.2442626953125,0.9503173828125,0.3658536585365854,1.1585365853658538,-0.030487804878048783,0.0,0.0,0.0,0,0,0,
2024-08-01T01:14:02.236375,29.973333333333336,7.986666666666667,-25.92,-1.4517822265625,-0.243408203125,0.9520263671875,0.5182926829268293,1.7682926829268295,-0.5792682926829269,0.0,0.0,0.0,0,0,0,
2024-08-01T01:14:02.250210,29.986666666666668,7.973333333333334,-25.866666666666667,-1.4561767578125,-0.2412109375,0.9515380859375,0.1829268292682927,1.25,-0.39634146341463417,0.0,0.0,0.0,0,0,0,
2024-08-01T01:14:02.262520,29.986666666666668,7.973333333333334,-25.866666666666667,-1.4581298828125,-0.2415771484375,0.951904296875,0.1829268292682927,1.524390243902439,-0.09146341463414635,0.0,0.0,0.0,0,0,0,
2024-08-01T01:14:02.275357,30.013333333333335,7.986666666666667,-25.893333333333334,-1.453369140625,-0.2435302734375,0.95068359375,0.0,1.0670731707317074,-0.3658536585365854,0.0,0.0,0.0,0,0,0,
2024-08-01T01:14:02.288718,30.026666666666667,7.986666666666667,-25.840000000000003,-1.452880859375,-0.2430419921875,0.94873046875,0.5487804878048781,1.1585365853658538,-0.2134146341463415,0.0,0.0,0.0,0,0,0,
2024-08-01T01:14:02.301826,29.973333333333336,8.0,-25.78666666666667,-1.452392578125,-0.24609375,0.9541015625,0.426829268292683,1.676829268292683,-0.1829268292682927,0.0,0.0,0.0,0,0,0,
2024-08-01T01:14:02.314764,29.973333333333336,7.986666666666667,-25.973333333333336,-1.456298828125,-0.2451171875,0.94921875,0.15243902439024393,1.3719512195121952,-0.3658536585365854,0.0,0.0,0.0,0,0,0,
2024-08-01T01:14:02.327978,29.893333333333334,7.973333333333334,-25.826666666666668,-1.4537353515625,-0.2415771484375,0.94873046875,0.1829268292682927,1.3719512195121952,-0.1829268292682927,0.0,0.0,0.0,0,0,0,
2024-08-01T01:14:02.341323,29.880000000000003,7.986666666666667,-25.933333333333334,-1.451416015625,-0.2462158203125,0.950439453125,0.27439024390243905,1.3719512195121952,-0.1829268292682927,0.0,0.0,0.0,0,0,0,
2024-08-01T01:14:02.354305,30.10666666666667,7.973333333333334,-25.986666666666668,-1.4576416015625,-0.2421875,0.9525146484375,0.6707317073170732,1.0975609756097562,-0.39634146341463417,0.0,0.0,0.0,0,0,0,
2024-08-01T01:14:02.367822,29.933333333333334,7.8933333333333335,-25.880000000000003,-1.45703125,-0.24951171875,0.956787109375,0.09146341463414635,1.2195121951219514,-0.39634146341463417,0.0,0.0,0.0,0,0,0,
2024-08-01T01:14:02.380479,30.026666666666667,7.693333333333334,-25.76,-1.455810546875,-0.2435302734375,0.9503173828125,0.48780487804878053,1.3414634146341464,0.0,0.0,0.0,0.0,0,0,0,
2024-08-01T01:14:02.393750,30.053333333333335,8.013333333333334,-25.880000000000003,-1.455078125,-0.2413330078125,0.9495849609375,0.12195121951219513,1.3109756097560976,-0.30487804878048785,0.0,0.0,0.0,0,0,0,
2024-08-01T01:14:02.406811,30.000000000000004,7.920000000000001,-25.893333333333334,-1.4542236328125,-0.244873046875,0.9525146484375,0.3658536585365854,1.7682926829268295,-0.6402439024390244,0.0,0.0,0.0,0,0,0,
2024-08-01T01:14:02.421535,30.000000000000004,8.106666666666667,-25.92,-1.4541015625,-0.251953125,0.952880859375,0.5487804878048781,1.2804878048780488,-0.3353658536585366,0.0,0.0,0.0,0,0,0,
2024-08-01T01:14:02.432896,30.000000000000004,7.880000000000001,-25.893333333333334,-1.4561767578125,-0.2479248046875,0.94970703125,0.1829268292682927,0.853658536585366,-0.24390243902439027,0.0,0.0,0.0,0,0,0,
2024-08-01T01:14:02.445993,29.986666666666668,8.0,-25.90666666666667,-1.4525146484375,-0.244384765625,0.95556640625,0.09146341463414635,1.2804878048780488,-0.27439024390243905,0.0,0.0,0.0,0,0,0,
2024-08-01T01:14:02.459262,30.026666666666667,7.960000000000001,-25.90666666666667,-1.452392578125,-0.2471923828125,0.950439453125,0.27439024390243905,1.5853658536585367,-0.426829268292683,0.0,0.0,0.0,0,0,0,
2024-08-01T01:14:02.472524,30.000000000000004,7.973333333333334,-25.880000000000003,-1.45703125,-0.2437744140625,0.9488525390625,0.39634146341463417,2.103658536585366,-0.5182926829268293,0.0,0.0,0.0,0,0,0,
2024-08-01T01:14:02.487349,30.026666666666667,7.973333333333334,-25.90666666666667,-1.457763671875,-0.2454833984375,0.95458984375,0.4573170731707317,1.0975609756097562,-0.30487804878048785,0.0,0.0,0.0,0,0,0,
2024-08-01T01:14:02.499815,30.026666666666667,7.973333333333334,-25.90666666666667,-1.4547119140625,-0.246337890625,0.9482421875,-0.09146341463414635,0.9146341463414634,0.06097560975609757,0.0,0.0,0.0,0,0,0,
2024-08-01T01:14:02.513032,29.973333333333336,7.973333333333334,-25.96,-1.45947265625,-0.2489013671875,0.948974609375,0.1829268292682927,1.1585365853658538,-0.4573170731707317,0.0,0.0,0.0,0,0,0,
2024-08-01T01:14:02.524917,30.026666666666667,7.960000000000001,-25.826666666666668,-1.4600830078125,-0.2449951171875,0.953369140625,0.5182926829268293,0.9451219512195123,-0.5487804878048781,0.0,0.0,0.0,0,0,0,
2024-08-01T01:14:02.537909,29.973333333333336,7.986666666666667,-25.76,-1.4600830078125,-0.2467041015625,0.9539794921875,0.5792682926829269,1.524390243902439,-0.24390243902439027,0.0,0.0,0.0,0,0,0,
2024-08-01T01:14:02.550870,29.986666666666668,8.026666666666667,-25.973333333333336,-1.457275390625,-0.2469482421875,0.9493408203125,0.30487804878048785,1.3109756097560976,-0.3658536585365854,0.0,0.0,0.0,0,0,0,
2024-08-01T01:14:02.564775,29.866666666666667,7.960000000000001,-25.8,-1.4501953125,-0.2437744140625,0.9501953125,0.06097560975609757,1.4329268292682928,-0.27439024390243905,0.0,0.0,0.0,0,0,0,
2024-08-01T01:14:02.577190,29.880000000000003,7.973333333333334,-25.813333333333336,-1.451904296875,-0.243408203125,0.9520263671875,0.4573170731707317,1.4329268292682928,-0.30487804878048785,0.0,0.0,0.0,0,0,0,
2024-08-01T01:14:02.590298,30.093333333333334,7.960000000000001,-25.94666666666667,-1.4564208984375,-0.245849609375,0.9508056640625,0.48780487804878053,0.7317073170731708,-0.24390243902439027,0.0,0.0,0.0,0,0,0,
2024-08-01T01:14:02.603482,29.92,7.826666666666667,-25.893333333333334,-1.4532470703125,-0.2435302734375,0.955078125,0.5182926829268293,1.25,-0.27439024390243905,0.0,0.0,0.0,0,0,0,
2024-08-01T01:14:02.616684,30.160000000000004,7.933333333333334,-25.880000000000003,-1.4593505859375,-0.248779296875,0.9476318359375,0.0,1.5853658536585367,-0.5182926829268293,0.0,0.0,0.0,0,0,0,
2024-08-01T01:14:02.630871,30.053333333333335,8.040000000000001,-25.893333333333334,-1.456298828125,-0.245361328125,0.949462890625,0.06097560975609757,1.9207317073170733,-0.426829268292683,0.0,0.0,0.0,0,0,0,
2024-08-01T01:14:02.642920,30.10666666666667,7.973333333333334,-25.90666666666667,-1.456298828125,-0.244140625,0.95068359375,0.39634146341463417,1.1585365853658538,-0.12195121951219513,0.0,0.0,0.0,0,0,0,
2024-08-01T01:14:02.655899,30.013333333333335,8.133333333333335,-25.90666666666667,-1.45166015625,-0.2451171875,0.9532470703125,0.5182926829268293,1.0060975609756098,-0.30487804878048785,0.0,0.0,0.0,0,0,0,
2024-08-01T01:14:02.669136,30.026666666666667,7.973333333333334,-25.92,-1.45947265625,-0.249267578125,0.9505615234375,0.1829268292682927,1.1585365853658538,-0.3353658536585366,0.0,0.0,0.0,0,0,0,
2024-08-01T01:14:02.682176,30.000000000000004,7.960000000000001,-25.90666666666667,-1.4534912109375,-0.2490234375,0.94921875,0.09146341463414635,1.676829268292683,-0.27439024390243905,0.0,0.0,0.0,0,0,0,
2024-08-01T01:14:02.695706,30.040000000000003,7.960000000000001,-25.90666666666667,-1.453125,-0.244140625,0.9490966796875,0.27439024390243905,1.3719512195121952,-0.2134146341463415,0.0,0.0,0.0,0,0,0,
2024-08-01T01:14:02.710286,30.013333333333335,7.960000000000001,-25.893333333333334,-1.45751953125,-0.245849609375,0.9503173828125,0.6707317073170732,1.7682926829268295,-0.426829268292683,0.0,0.0,0.0,0,0,0,
2024-08-01T01:14:02.723044,30.053333333333335,7.933333333333334,-25.840000000000003,-1.457763671875,-0.24560546875,0.9493408203125,0.39634146341463417,1.0975609756097562,-0.3658536585365854,0.0,0.0,0.0,0,0,0,
2024-08-01T01:14:02.734836,30.053333333333335,7.933333333333334,-25.840000000000003,-1.455810546875,-0.24658203125,0.9532470703125,-0.09146341463414635,0.9756097560975611,-0.15243902439024393,0.0,0.0,0.0,0,0,0,
2024-08-01T01:14:02.747884,30.000000000000004,7.973333333333334,-25.92,-1.455810546875,-0.244384765625,0.9508056640625,0.3353658536585366,1.7378048780487807,-0.27439024390243905,0.0,0.0,0.0,0,0,0,
2024-08-01T01:14:02.761100,30.013333333333335,8.013333333333334,-25.78666666666667,-1.457275390625,-0.2425537109375,0.9520263671875,0.1829268292682927,0.9451219512195123,-0.1829268292682927,0.0,0.0,0.0,0,0,0,
2024-08-01T01:14:02.774185,29.986666666666668,7.973333333333334,-25.840000000000003,-1.455810546875,-0.243896484375,0.9471435546875,0.5487804878048781,1.2195121951219514,-0.30487804878048785,0.0,0.0,0.0,0,0,0,
2024-08-01T01:14:02.787172,30.06666666666667,7.960000000000001,-25.986666666666668,-1.4554443359375,-0.2491455078125,0.947509765625,0.12195121951219513,1.6463414634146343,-0.27439024390243905,0.0,0.0,0.0,0,0,0,
2024-08-01T01:14:02.809156,29.893333333333334,7.960000000000001,-25.853333333333335,-1.4521484375,-0.244384765625,0.9549560546875,0.030487804878048783,1.128048780487805,-0.09146341463414635,0.0,0.0,0.0,0,0,0,
2024-08-01T01:14:02.813648,30.14666666666667,7.973333333333334,-25.933333333333334,-1.4521484375,-0.244384765625,0.9549560546875,0.3353658536585366,1.1890243902439026,-0.1829268292682927,0.0,0.0,0.0,0,0,0,
2024-08-01T01:14:02.826028,30.040000000000003,7.960000000000001,-25.933333333333334,-1.4556884765625,-0.2430419921875,0.9515380859375,0.5487804878048781,1.0670731707317074,-0.5487804878048781,0.0,0.0,0.0,0,0,0,
2024-08-01T01:14:02.839051,30.186666666666667,7.866666666666667,-25.880000000000003,-1.46044921875,-0.2498779296875,0.9517822265625,0.426829268292683,1.6158536585365855,-0.48780487804878053,0.0,0.0,0.0,0,0,0,
2024-08-01T01:14:02.852205,30.053333333333335,8.0,-25.90666666666667,-1.4600830078125,-0.248291015625,0.9488525390625,0.09146341463414635,1.1890243902439026,-0.1829268292682927,0.0,0.0,0.0,0,0,0,
2024-08-01T01:14:02.865410,30.026666666666667,7.973333333333334,-25.866666666666667,-1.45556640625,-0.2431640625,0.951416015625,-0.15243902439024393,1.0975609756097562,-0.1829268292682927,0.0,0.0,0.0,0,0,0,
2024-08-01T01:14:02.879632,30.040000000000003,8.106666666666667,-25.933333333333334,-1.4542236328125,-0.2435302734375,0.9473876953125,0.6097560975609757,1.7682926829268295,-0.39634146341463417,0.0,0.0,0.0,0,0,0,
2024-08-01T01:14:02.891597,30.026666666666667,8.173333333333334,-25.90666666666667,-1.459716796875,-0.2430419921875,0.9464111328125,0.7926829268292683,1.1890243902439026,-0.426829268292683,0.0,0.0,0.0,0,0,0,
2024-08-01T01:14:02.904727,30.040000000000003,7.946666666666667,-25.90666666666667,-1.45703125,-0.240478515625,0.9512939453125,0.15243902439024393,1.2195121951219514,-0.24390243902439027,0.0,0.0,0.0,0,0,0,
2024-08-01T01:14:02.945609,29.986666666666668,8.053333333333335,-25.893333333333334,-1.4537353515625,-0.24169921875,0.9520263671875,0.1829268292682927,1.3719512195121952,-0.24390243902439027,0.0,0.0,0.0,0,0,0,
2024-08-01T01:14:02.951485,29.986666666666668,7.933333333333334,-25.880000000000003,-1.4571533203125,-0.2459716796875,0.9521484375,0.5487804878048781,1.4329268292682928,-0.30487804878048785,0.0,0.0,0.0,0,0,0,
2024-08-01T01:14:02.957741,29.986666666666668,7.933333333333334,-25.880000000000003,-1.4571533203125,-0.2459716796875,0.9521484375,0.426829268292683,1.1585365853658538,-0.426829268292683,0.0,0.0,0.0,0,0,0,
2024-08-01T01:14:02.970794,30.14666666666667,8.120000000000001,-25.880000000000003,-1.460205078125,-0.244384765625,0.94970703125,-0.06097560975609757,1.0365853658536586,-0.27439024390243905,0.0,0.0,0.0,0,0,0,
2024-08-01T01:14:02.983956,30.026666666666667,8.0,-25.880000000000003,-1.4503173828125,-0.2451171875,0.9508056640625,-0.09146341463414635,1.402439024390244,-0.30487804878048785,0.0,0.0,0.0,0,0,0,
2024-08-01T01:14:02.997786,29.986666666666668,8.013333333333334,-25.78666666666667,-1.4493408203125,-0.2388916015625,0.9495849609375,0.06097560975609757,1.524390243902439,-0.2134146341463415,0.0,0.0,0.0,0,0,0,
2024-08-01T01:14:03.010579,29.94666666666667,8.013333333333334,-25.933333333333334,-1.451416015625,-0.246826171875,0.9493408203125,0.6402439024390244,1.524390243902439,-0.6707317073170732,0.0,0.0,0.0,0,0,0,
2024-08-01T01:14:03.024873,29.986666666666668,7.960000000000001,-25.826666666666668,-1.45947265625,-0.2486572265625,0.9517822265625,0.15243902439024393,1.2804878048780488,-0.4573170731707317,0.0,0.0,0.0,0,0,0,
2024-08-01T01:14:03.036821,29.813333333333336,7.946666666666667,-25.880000000000003,-1.4586181640625,-0.24609375,0.95166015625,-0.1829268292682927,0.6402439024390244,0.09146341463414635,0.0,0.0,0.0,0,0,0,
2024-08-01T01:14:03.050674,30.06666666666667,7.8933333333333335,-26.0,-1.4454345703125,-0.2437744140625,0.9501953125,0.5182926829268293,1.4329268292682928,-0.5487804878048781,0.0,0.0,0.0,0,0,0,
2024-08-01T01:14:03.063078,29.96,7.920000000000001,-26.06666666666667,-1.449951171875,-0.243896484375,0.9532470703125,0.48780487804878053,1.1585365853658538,-0.3658536585365854,0.0,0.0,0.0,0,0,0,
2024-08-01T01:14:03.075792,29.94666666666667,7.680000000000001,-25.893333333333334,-1.4573974609375,-0.2452392578125,0.9512939453125,0.12195121951219513,1.402439024390244,-0.12195121951219513,0.0,0.0,0.0,0,0,0,
2024-08-01T01:14:03.089034,30.080000000000002,8.053333333333335,-25.893333333333334,-1.4569091796875,-0.2451171875,0.951904296875,-0.030487804878048783,1.1890243902439026,-0.4573170731707317,0.0,0.0,0.0,0,0,0,
2024-08-01T01:14:03.102038,30.053333333333335,7.800000000000001,-25.893333333333334,-1.4501953125,-0.241943359375,0.950927734375,0.24390243902439027,0.9451219512195123,-0.2134146341463415,0.0,0.0,0.0,0,0,0,
2024-08-01T01:14:03.115151,30.026666666666667,8.16,-25.94666666666667,-1.45361328125,-0.2464599609375,0.9503173828125,0.39634146341463417,1.524390243902439,-0.4573170731707317,0.0,0.0,0.0,0,0,0,
2024-08-01T01:14:03.129315,30.000000000000004,8.0,-25.893333333333334,-1.455810546875,-0.24658203125,0.9537353515625,0.426829268292683,1.3414634146341464,-0.5792682926829269,0.0,0.0,0.0,0,0,0,
2024-08-01T01:14:03.142210,29.986666666666668,8.013333333333334,-25.840000000000003,-1.4571533203125,-0.2471923828125,0.95166015625,0.12195121951219513,1.3719512195121952,-0.426829268292683,0.0,0.0,0.0,0,0,0,
2024-08-01T01:14:03.155081,29.893333333333334,7.973333333333334,-25.840000000000003,-1.4560546875,-0.243408203125,0.948974609375,0.12195121951219513,1.524390243902439,-0.30487804878048785,0.0,0.0,0.0,0,0,0,
2024-08-01T01:14:03.169003,30.000000000000004,7.960000000000001,-25.853333333333335,-1.4571533203125,-0.2454833984375,0.9512939453125,0.1829268292682927,0.9146341463414634,-0.27439024390243905,0.0,0.0,0.0,0,0,0,
2024-08-01T01:14:03.184739,29.96,7.960000000000001,-25.866666666666667,-1.453369140625,-0.2469482421875,0.9508056640625,0.7317073170731708,1.2804878048780488,-0.426829268292683,0.0,0.0,0.0,0,0,0,
2024-08-01T01:14:03.195109,29.96,7.960000000000001,-25.866666666666667,-1.453369140625,-0.2469482421875,0.9508056640625,0.27439024390243905,1.676829268292683,-0.48780487804878053,0.0,0.0,0.0,0,0,0,
2024-08-01T01:14:03.209798,29.94666666666667,8.026666666666667,-25.866666666666667,-1.459716796875,-0.2454833984375,0.9478759765625,0.27439024390243905,0.9451219512195123,-0.3658536585365854,0.0,0.0,0.0,0,0,0,
2024-08-01T01:14:03.220862,29.90666666666667,7.8933333333333335,-25.840000000000003,-1.454833984375,-0.246337890625,0.94970703125,0.15243902439024393,1.128048780487805,-0.2134146341463415,0.0,0.0,0.0,0,0,0,
2024-08-01T01:14:03.233202,29.92,7.933333333333334,-25.706666666666667,-1.4549560546875,-0.2442626953125,0.95068359375,0.30487804878048785,1.2195121951219514,0.0,0.0,0.0,0.0,0,0,0,
2024-08-01T01:14:03.247053,29.92,8.0,-25.94666666666667,-1.460693359375,-0.244873046875,0.94921875,0.6402439024390244,1.402439024390244,-0.5487804878048781,0.0,0.0,0.0,0,0,0,
2024-08-01T01:14:03.262380,29.866666666666667,7.986666666666667,-25.8,-1.457763671875,-0.2474365234375,0.9493408203125,0.15243902439024393,1.6158536585365855,-0.5792682926829269,0.0,0.0,0.0,0,0,0,
2024-08-01T01:14:03.272727,30.000000000000004,7.960000000000001,-25.720000000000002,-1.4527587890625,-0.24609375,0.9512939453125,0.15243902439024393,0.701219512195122,-0.30487804878048785,0.0,0.0,0.0,0,0,0,
2024-08-01T01:14:03.285702,29.94666666666667,7.906666666666667,-25.826666666666668,-1.4505615234375,-0.241943359375,0.948974609375,0.030487804878048783,1.4939024390243905,-0.4573170731707317,0.0,0.0,0.0,0,0,0,
2024-08-01T01:14:03.298736,30.053333333333335,7.786666666666667,-25.880000000000003,-1.4559326171875,-0.247314453125,0.9512939453125,0.426829268292683,1.5548780487804879,-0.426829268292683,0.0,0.0,0.0,0,0,0,
2024-08-01T01:14:03.312277,30.093333333333334,8.013333333333334,-25.893333333333334,-1.4642333984375,-0.246826171875,0.9503173828125,0.3658536585365854,1.3719512195121952,-0.39634146341463417,0.0,0.0,0.0,0,0,0,
2024-08-01T01:14:03.325202,29.973333333333336,7.866666666666667,-25.880000000000003,-1.4510498046875,-0.243896484375,0.947998046875,0.030487804878048783,1.676829268292683,-0.3353658536585366,0.0,0.0,0.0,0,0,0,
2024-08-01T01:14:03.339076,30.013333333333335,7.986666666666667,-25.90666666666667,-1.4512939453125,-0.2457275390625,0.949462890625,0.2134146341463415,1.0670731707317074,-0.24390243902439027,0.0,0.0,0.0,0,0,0,
2024-08-01T01:14:03.351192,30.026666666666667,8.013333333333334,-25.893333333333334,-1.4571533203125,-0.2454833984375,0.9515380859375,0.5487804878048781,1.4939024390243905,-0.39634146341463417,0.0,0.0,0.0,0,0,0,
2024-08-01T01:14:03.364519,29.986666666666668,7.960000000000001,-25.880000000000003,-1.4571533203125,-0.2462158203125,0.946533203125,0.39634146341463417,1.3109756097560976,-0.2134146341463415,0.0,0.0,0.0,0,0,0,
2024-08-01T01:14:03.377645,30.013333333333335,7.973333333333334,-25.90666666666667,-1.45703125,-0.24658203125,0.949951171875,0.15243902439024393,1.0975609756097562,-0.1829268292682927,0.0,0.0,0.0,0,0,0,
2024-08-01T01:14:03.391084,29.986666666666668,7.986666666666667,-25.893333333333334,-1.4571533203125,-0.245361328125,0.95068359375,-0.1829268292682927,1.2195121951219514,-0.15243902439024393,0.0,0.0,0.0,0,0,0,
2024-08-01T01:14:03.406117,30.000000000000004,7.946666666666667,-25.973333333333336,-1.4552001953125,-0.2431640625,0.9482421875,0.24390243902439027,1.524390243902439,-0.1829268292682927,0.0,0.0,0.0,0,0,0,
2024-08-01T01:14:03.416980,30.000000000000004,7.946666666666667,-25.973333333333336,-1.4560546875,-0.244140625,0.94921875,0.27439024390243905,1.402439024390244,-0.5487804878048781,0.0,0.0,0.0,0,0,0,
2024-08-01T01:14:03.430659,30.026666666666667,7.960000000000001,-25.880000000000003,-1.4552001953125,-0.2457275390625,0.9544677734375,0.4573170731707317,1.4634146341463417,-0.5182926829268293,0.0,0.0,0.0,0,0,0,
2024-08-01T01:14:03.443255,30.000000000000004,7.986666666666667,-25.90666666666667,-1.4599609375,-0.24267578125,0.9468994140625,-0.09146341463414635,1.1585365853658538,-0.24390243902439027,0.0,0.0,0.0,0,0,0,
2024-08-01T01:14:03.456425,29.986666666666668,8.0,-25.733333333333334,-1.4527587890625,-0.242431640625,0.9493408203125,0.15243902439024393,1.5548780487804879,-0.09146341463414635,0.0,0.0,0.0,0,0,0,
2024-08-01T01:14:03.469550,30.026666666666667,7.986666666666667,-25.96,-1.4515380859375,-0.2410888671875,0.950927734375,0.4573170731707317,1.524390243902439,-0.3658536585365854,0.0,0.0,0.0,0,0,0,
2024-08-01T01:14:03.482682,29.90666666666667,7.960000000000001,-25.826666666666668,-1.4580078125,-0.2452392578125,0.94970703125,0.3658536585365854,1.3109756097560976,-0.5487804878048781,0.0,0.0,0.0,0,0,0,
2024-08-01T01:14:03.495423,29.880000000000003,7.986666666666667,-25.90666666666667,-1.458740234375,-0.24462890625,0.9517822265625,0.27439024390243905,1.1890243902439026,-0.12195121951219513,0.0,0.0,0.0,0,0,0,
2024-08-01T01:14:03.509289,30.093333333333334,7.933333333333334,-25.96,-1.453369140625,-0.246337890625,0.9464111328125,-0.09146341463414635,0.853658536585366,-0.1829268292682927,0.0,0.0,0.0,0,0,0,
2024-08-01T01:14:03.521922,29.96,7.866666666666667,-25.96,-1.454345703125,-0.2452392578125,0.948974609375,0.27439024390243905,1.3719512195121952,-0.2134146341463415,0.0,0.0,0.0,0,0,0,
2024-08-01T01:14:03.534611,30.133333333333336,7.826666666666667,-25.92,-1.4517822265625,-0.2470703125,0.94970703125,0.5792682926829269,1.524390243902439,-0.5182926829268293,0.0,0.0,0.0,0,0,0,
2024-08-01T01:14:03.548134,29.986666666666668,7.920000000000001,-25.90666666666667,-1.455810546875,-0.2479248046875,0.952880859375,0.4573170731707317,1.2195121951219514,-0.2134146341463415,0.0,0.0,0.0,0,0,0,
2024-08-01T01:14:03.561974,30.013333333333335,7.906666666666667,-25.92,-1.4617919921875,-0.2432861328125,0.94873046875,0.1829268292682927,1.5853658536585367,-0.48780487804878053,0.0,0.0,0.0,0,0,0,
2024-08-01T01:14:03.575773,29.973333333333336,7.8133333333333335,-25.92,-1.452392578125,-0.2425537109375,0.95263671875,0.15243902439024393,1.2804878048780488,-0.30487804878048785,0.0,0.0,0.0,0,0,0,
2024-08-01T01:14:03.587141,30.040000000000003,7.786666666666667,-25.866666666666667,-1.452880859375,-0.2459716796875,0.948486328125,0.426829268292683,1.1585365853658538,-0.1829268292682927,0.0,0.0,0.0,0,0,0,
2024-08-01T01:14:03.600589,30.026666666666667,7.973333333333334,-25.893333333333334,-1.4556884765625,-0.2479248046875,0.95166015625,0.24390243902439027,1.7987804878048783,-0.2134146341463415,0.0,0.0,0.0,0,0,0,
2024-08-01T01:14:03.613720,30.000000000000004,8.013333333333334,-25.880000000000003,-1.4549560546875,-0.246826171875,0.949951171875,0.030487804878048783,0.9756097560975611,-0.15243902439024393,0.0,0.0,0.0,0,0,0,
2024-08-01T01:14:03.629003,29.96,7.960000000000001,-25.893333333333334,-1.4560546875,-0.247802734375,0.947021484375,0.06097560975609757,1.524390243902439,-0.15243902439024393,0.0,0.0,0.0,0,0,0,
2024-08-01T01:14:03.641171,29.986666666666668,7.986666666666667,-25.92,-1.451904296875,-0.2401123046875,0.953857421875,0.39634146341463417,1.1890243902439026,-0.2134146341463415,0.0,0.0,0.0,0,0,0,
2024-08-01T01:14:03.652994,29.986666666666668,7.986666666666667,-25.92,-1.451904296875,-0.2430419921875,0.9512939453125,0.3658536585365854,1.3109756097560976,-0.4573170731707317,0.0,0.0,0.0,0,0,0,
2024-08-01T01:14:03.666309,30.026666666666667,7.986666666666667,-25.893333333333334,-1.4566650390625,-0.2431640625,0.9490966796875,0.48780487804878053,1.402439024390244,-0.7621951219512195,0.0,0.0,0.0,0,0,0,
2024-08-01T01:14:03.679299,30.000000000000004,7.986666666666667,-25.866666666666667,-1.4605712890625,-0.2432861328125,0.9483642578125,0.27439024390243905,0.7926829268292683,-0.09146341463414635,0.0,0.0,0.0,0,0,0,
2024-08-01T01:14:03.692207,30.026666666666667,7.933333333333334,-25.8,-1.456787109375,-0.245361328125,0.9471435546875,0.06097560975609757,1.128048780487805,-0.24390243902439027,0.0,0.0,0.0,0,0,0,
2024-08-01T01:14:03.705394,29.973333333333336,8.013333333333334,-26.0,-1.450927734375,-0.2425537109375,0.9466552734375,0.4573170731707317,1.7378048780487807,-0.06097560975609757,0.0,0.0,0.0,0,0,0,
2024-08-01T01:14:03.718738,29.866666666666667,7.946666666666667,-25.853333333333335,-1.4571533203125,-0.246337890625,0.9488525390625,0.2134146341463415,1.524390243902439,-0.39634146341463417,0.0,0.0,0.0,0,0,0,
2024-08-01T01:14:03.731746,30.06666666666667,7.986666666666667,-25.96,-1.4566650390625,-0.242431640625,0.9486083984375,0.30487804878048785,1.2804878048780488,-0.39634146341463417,0.0,0.0,0.0,0,0,0,
2024-08-01T01:14:03.745059,29.96,7.8533333333333335,-25.90666666666667,-1.4522705078125,-0.24365234375,0.9527587890625,0.12195121951219513,0.9756097560975611,-0.2134146341463415,0.0,0.0,0.0,0,0,0,
2024-08-01T01:14:03.758114,30.186666666666667,7.906666666666667,-25.880000000000003,-1.4505615234375,-0.244140625,0.95068359375,0.39634146341463417,1.3719512195121952,-0.3353658536585366,0.0,0.0,0.0,0,0,0,
2024-08-01T01:14:03.771869,30.040000000000003,7.960000000000001,-25.90666666666667,-1.448974609375,-0.2440185546875,0.9510498046875,0.5487804878048781,1.2804878048780488,-0.24390243902439027,0.0,0.0,0.0,0,0,0,
2024-08-01T01:14:03.784201,29.986666666666668,7.786666666666667,-25.92,-1.4586181640625,-0.247314453125,0.9539794921875,0.30487804878048785,1.4939024390243905,-0.1829268292682927,0.0,0.0,0.0,0,0,0,
2024-08-01T01:14:03.797586,29.973333333333336,8.093333333333334,-25.893333333333334,-1.4586181640625,-0.24462890625,0.9500732421875,0.27439024390243905,1.5853658536585367,-0.15243902439024393,0.0,0.0,0.0,0,0,0,
2024-08-01T01:14:03.810454,30.000000000000004,7.986666666666667,-25.90666666666667,-1.4564208984375,-0.24755859375,0.9503173828125,-0.15243902439024393,1.2195121951219514,-0.24390243902439027,0.0,0.0,0.0,0,0,0,
2024-08-01T01:14:03.823630,29.986666666666668,7.960000000000001,-25.92,-1.448486328125,-0.24267578125,0.9500732421875,0.39634146341463417,1.0670731707317074,-0.12195121951219513,0.0,0.0,0.0,0,0,0,
2024-08-01T01:14:03.836736,30.026666666666667,7.973333333333334,-25.92,-1.4505615234375,-0.2481689453125,0.947021484375,0.426829268292683,1.7378048780487807,-0.6402439024390244,0.0,0.0,0.0,0,0,0,
2024-08-01T01:14:03.850745,29.96,7.946666666666667,-25.893333333333334,-1.460205078125,-0.24755859375,0.9525146484375,0.06097560975609757,1.3414634146341464,-0.27439024390243905,0.0,0.0,0.0,0,0,0,
2024-08-01T01:14:03.862959,29.96,7.946666666666667,-25.893333333333334,-1.45654296875,-0.24560546875,0.9517822265625,0.24390243902439027,1.3109756097560976,-0.27439024390243905,0.0,0.0,0.0,0,0,0,
2024-08-01T01:14:03.876084,30.026666666666667,7.973333333333334,-25.880000000000003,-1.4527587890625,-0.2459716796875,0.9501953125,0.09146341463414635,1.2195121951219514,-0.24390243902439027,0.0,0.0,0.0,0,0,0,
2024-08-01T01:14:03.889320,30.000000000000004,7.973333333333334,-25.866666666666667,-1.452392578125,-0.24365234375,0.9564208984375,0.4573170731707317,1.402439024390244,-0.1829268292682927,0.0,0.0,0.0,0,0,0,
2024-08-01T01:14:03.902452,30.000000000000004,7.960000000000001,-25.78666666666667,-1.4530029296875,-0.2471923828125,0.9508056640625,0.5487804878048781,1.5548780487804879,-0.27439024390243905,0.0,0.0,0.0,0,0,0,
2024-08-01T01:14:03.915505,30.026666666666667,7.960000000000001,-25.853333333333335,-1.459716796875,-0.24560546875,0.9527587890625,0.06097560975609757,0.9756097560975611,-0.12195121951219513,0.0,0.0,0.0,0,0,0,
2024-08-01T01:14:03.928526,30.013333333333335,7.973333333333334,-25.880000000000003,-1.4541015625,-0.2481689453125,0.949462890625,0.06097560975609757,1.4329268292682928,-0.09146341463414635,0.0,0.0,0.0,0,0,0,
2024-08-01T01:14:03.941712,29.840000000000003,7.960000000000001,-25.92,-1.4500732421875,-0.2474365234375,0.950439453125,0.5487804878048781,1.3719512195121952,-0.27439024390243905,0.0,0.0,0.0,0,0,0,
2024-08-01T01:14:03.954489,30.093333333333334,7.960000000000001,-26.026666666666667,-1.453857421875,-0.2445068359375,0.951904296875,0.6097560975609757,1.2195121951219514,-0.4573170731707317,0.0,0.0,0.0,0,0,0,
2024-08-01T01:14:03.968222,30.026666666666667,7.826666666666667,-25.880000000000003,-1.4586181640625,-0.2490234375,0.9493408203125,0.1829268292682927,1.9512195121951221,-0.5487804878048781,0.0,0.0,0.0,0,0,0,
2024-08-01T01:14:03.982346,30.013333333333335,7.746666666666667,-25.813333333333336,-1.4547119140625,-0.2415771484375,0.9490966796875,-0.15243902439024393,1.2195121951219514,-0.2134146341463415,0.0,0.0,0.0,0,0,0,
2024-08-01T01:14:03.994275,29.893333333333334,8.013333333333334,-25.893333333333334,-1.44970703125,-0.243896484375,0.951416015625,0.2134146341463415,0.8231707317073171,-0.06097560975609757,0.0,0.0,0.0,0,0,0,
2024-08-01T01:14:04.007392,30.026666666666667,7.866666666666667,-25.92,-1.450439453125,-0.24658203125,0.9537353515625,0.7317073170731708,1.4329268292682928,-0.5487804878048781,0.0,0.0,0.0,0,0,0,
2024-08-01T01:14:04.020759,30.000000000000004,8.053333333333335,-25.893333333333334,-1.457763671875,-0.24462890625,0.9498291015625,0.27439024390243905,1.2195121951219514,-0.426829268292683,0.0,0.0,0.0,0,0,0,
2024-08-01T01:14:04.033444,30.013333333333335,8.066666666666666,-25.90666666666667,-1.455078125,-0.247314453125,0.948486328125,0.24390243902439027,1.3414634146341464,-0.24390243902439027,0.0,0.0,0.0,0,0,0,
2024-08-01T01:14:04.046706,30.040000000000003,7.960000000000001,-25.933333333333334,-1.4488525390625,-0.24365234375,0.9542236328125,0.2134146341463415,1.2804878048780488,-0.09146341463414635,0.0,0.0,0.0,0,0,0,
2024-08-01T01:14:04.059729,29.973333333333336,8.0,-25.880000000000003,-1.4541015625,-0.244140625,0.948486328125,0.27439024390243905,1.6463414634146343,-0.7317073170731708,0.0,0.0,0.0,0,0,0,
2024-08-01T01:14:04.073168,30.013333333333335,7.973333333333334,-25.92,-1.456787109375,-0.24560546875,0.9493408203125,0.5792682926829269,1.0060975609756098,-0.09146341463414635,0.0,0.0,0.0,0,0,0,
2024-08-01T01:14:04.087192,30.040000000000003,7.946666666666667,-25.90666666666667,-1.4571533203125,-0.246337890625,0.951904296875,0.06097560975609757,0.6402439024390244,-0.1829268292682927,0.0,0.0,0.0,0,0,0,
2024-08-01T01:14:04.100984,30.040000000000003,7.946666666666667,-25.90666666666667,-1.4517822265625,-0.24462890625,0.948974609375,-0.030487804878048783,1.7987804878048783,-0.2134146341463415,0.0,0.0,0.0,0,0,0,
2024-08-01T01:14:04.112380,30.013333333333335,7.986666666666667,-25.973333333333336,-1.4517822265625,-0.2459716796875,0.94921875,0.3353658536585366,1.5548780487804879,-0.27439024390243905,0.0,0.0,0.0,0,0,0,
2024-08-01T01:14:04.127974,30.000000000000004,7.973333333333334,-25.826666666666668,-1.457763671875,-0.243408203125,0.953857421875,0.4573170731707317,0.7926829268292683,-0.27439024390243905,0.0,0.0,0.0,0,0,0,
2024-08-01T01:14:04.138703,30.000000000000004,7.960000000000001,-25.826666666666668,-1.4576416015625,-0.248779296875,0.9468994140625,0.4573170731707317,1.5548780487804879,-0.426829268292683,0.0,0.0,0.0,0,0,0,
2024-08-01T01:14:04.151680,30.026666666666667,7.986666666666667,-25.92,-1.458984375,-0.248779296875,0.9542236328125,0.30487804878048785,1.3109756097560976,-0.3353658536585366,0.0,0.0,0.0,0,0,0,
2024-08-01T01:14:04.164679,29.94666666666667,7.946666666666667,-25.8,-1.4569091796875,-0.24462890625,0.9544677734375,0.24390243902439027,1.0975609756097562,-0.06097560975609757,0.0,0.0,0.0,0,0,0,
2024-08-01T01:14:04.177865,29.933333333333334,7.973333333333334,-25.986666666666668,-1.4532470703125,-0.24072265625,0.950927734375,0.27439024390243905,1.1890243902439026,-0.3658536585365854,0.0,0.0,0.0,0,0,0,
2024-08-01T01:14:04.190840,30.080000000000002,7.8933333333333335,-25.986666666666668,-1.4569091796875,-0.24755859375,0.94921875,0.27439024390243905,1.4634146341463417,-0.2134146341463415,0.0,0.0,0.0,0,0,0,
2024-08-01T01:14:04.204366,29.986666666666668,7.8133333333333335,-25.92,-1.455078125,-0.2470703125,0.9483642578125,0.5182926829268293,1.8597560975609757,-0.48780487804878053,0.0,0.0,0.0,0,0,0,
2024-08-01T01:14:04.217130,30.173333333333336,7.866666666666667,-25.893333333333334,-1.45654296875,-0.2445068359375,0.950439453125,-0.030487804878048783,0.9756097560975611,-0.2134146341463415,0.0,0.0,0.0,0,0,0,
2024-08-01T01:14:04.230295,30.040000000000003,8.0,-25.893333333333334,-1.457275390625,-0.241943359375,0.953125,0.09146341463414635,0.8841463414634148,0.0,0.0,0.0,0.0,0,0,0,
2024-08-01T01:14:04.244236,30.026666666666667,7.946666666666667,-25.893333333333334,-1.451904296875,-0.2431640625,0.9501953125,0.426829268292683,1.3109756097560976,-0.39634146341463417,0.0,0.0,0.0,0,0,0,
2024-08-01T01:14:04.256281,29.933333333333334,7.986666666666667,-25.840000000000003,-1.4532470703125,-0.24658203125,0.950927734375,0.1829268292682927,1.2195121951219514,-0.24390243902439027,0.0,0.0,0.0,0,0,0,
2024-08-01T01:14:04.270488,30.000000000000004,7.946666666666667,-25.893333333333334,-1.4559326171875,-0.248046875,0.9493408203125,0.12195121951219513,1.6158536585365855,-0.30487804878048785,0.0,0.0,0.0,0,0,0,
2024-08-01T01:14:04.285916,30.000000000000004,7.960000000000001,-25.866666666666667,-1.4559326171875,-0.2423095703125,0.9481201171875,-0.030487804878048783,1.524390243902439,-0.15243902439024393,0.0,0.0,0.0,0,0,0,
2024-08-01T01:14:04.296618,30.040000000000003,7.8933333333333335,-25.893333333333334,-1.453369140625,-0.24072265625,0.954833984375,0.39634146341463417,1.1585365853658538,-0.30487804878048785,0.0,0.0,0.0,0,0,0,
2024-08-01T01:14:04.310080,30.000000000000004,8.013333333333334,-25.813333333333336,-1.4525146484375,-0.2449951171875,0.9488525390625,0.6097560975609757,1.4329268292682928,-0.701219512195122,0.0,0.0,0.0,0,0,0,
2024-08-01T01:14:04.324246,30.053333333333335,7.986666666666667,-25.90666666666667,-1.4605712890625,-0.2467041015625,0.94921875,0.15243902439024393,1.0365853658536586,-0.27439024390243905,0.0,0.0,0.0,0,0,0,
2024-08-01T01:14:04.334982,30.053333333333335,7.986666666666667,-25.90666666666667,-1.4571533203125,-0.24462890625,0.9493408203125,-0.15243902439024393,1.0060975609756098,-0.06097560975609757,0.0,0.0,0.0,0,0,0,
2024-08-01T01:14:04.349625,29.96,8.026666666666667,-25.92,-1.4547119140625,-0.249755859375,0.949951171875,0.15243902439024393,1.3414634146341464,-0.39634146341463417,0.0,0.0,0.0,0,0,0,
2024-08-01T01:14:04.362924,30.013333333333335,7.986666666666667,-25.78666666666667,-1.44775390625,-0.2451171875,0.9454345703125,0.6097560975609757,1.6158536585365855,-0.5487804878048781,0.0,0.0,0.0,0,0,0,
2024-08-01T01:14:04.374817,30.10666666666667,8.053333333333335,-25.693333333333335,-1.460693359375,-0.2425537109375,0.9512939453125,0.48780487804878053,1.6158536585365855,-0.4573170731707317,0.0,0.0,0.0,0,0,0,
2024-08-01T01:14:04.387980,30.013333333333335,8.106666666666667,-25.94666666666667,-1.4588623046875,-0.246337890625,0.95361328125,0.030487804878048783,0.3658536585365854,-0.1829268292682927,0.0,0.0,0.0,0,0,0,
2024-08-01T01:14:04.425200,29.78666666666667,8.0,-25.78666666666667,-1.45166015625,-0.243896484375,0.9512939453125,-0.12195121951219513,0.48780487804878053,-0.06097560975609757,0.0,0.0,0.0,0,0,0,
2024-08-01T01:14:04.430694,30.026666666666667,7.760000000000001,-25.866666666666667,-1.4609375,-0.245849609375,0.9521484375,0.48780487804878053,1.676829268292683,-0.426829268292683,0.0,0.0,0.0,0,0,0,
2024-08-01T01:14:04.440914,30.093333333333334,7.760000000000001,-25.933333333333334,-1.4609375,-0.245849609375,0.9521484375,0.09146341463414635,1.0670731707317074,-0.27439024390243905,0.0,0.0,0.0,0,0,0,
2024-08-01T01:14:04.455296,30.013333333333335,7.880000000000001,-25.893333333333334,-1.4547119140625,-0.2435302734375,0.95166015625,0.15243902439024393,1.3414634146341464,-0.30487804878048785,0.0,0.0,0.0,0,0,0,
2024-08-01T01:14:04.467565,30.10666666666667,8.066666666666666,-25.880000000000003,-1.448974609375,-0.2437744140625,0.9517822265625,0.12195121951219513,1.3719512195121952,-0.39634146341463417,0.0,0.0,0.0,0,0,0,
2024-08-01T01:14:04.481463,30.026666666666667,7.880000000000001,-25.866666666666667,-1.4598388671875,-0.2469482421875,0.9510498046875,0.701219512195122,1.3109756097560976,-0.5182926829268293,0.0,0.0,0.0,0,0,0,
2024-08-01T01:14:04.494777,30.000000000000004,7.866666666666667,-25.92,-1.4583740234375,-0.2501220703125,0.9559326171875,0.3353658536585366,1.128048780487805,-0.48780487804878053,0.0,0.0,0.0,0,0,0,
2024-08-01T01:14:04.505911,29.92,7.880000000000001,-25.866666666666667,-1.456787109375,-0.2470703125,0.950439453125,-0.06097560975609757,1.4329268292682928,-0.09146341463414635,0.0,0.0,0.0,0,0,0,
2024-08-01T01:14:04.518917,30.013333333333335,7.986666666666667,-25.90666666666667,-1.4544677734375,-0.246337890625,0.951416015625,0.3353658536585366,1.5548780487804879,-0.2134146341463415,0.0,0.0,0.0,0,0,0,
2024-08-01T01:14:04.532530,29.973333333333336,7.960000000000001,-25.92,-1.450927734375,-0.2423095703125,0.9508056640625,0.27439024390243905,1.3109756097560976,-0.48780487804878053,0.0,0.0,0.0,0,0,0,
2024-08-01T01:14:04.548574,30.053333333333335,7.960000000000001,-25.866666666666667,-1.4554443359375,-0.24755859375,0.94970703125,0.6402439024390244,1.4634146341463417,-0.48780487804878053,0.0,0.0,0.0,0,0,0,
2024-08-01T01:14:04.560572,30.026666666666667,7.933333333333334,-25.92,-1.4534912109375,-0.244873046875,0.951171875,0.3353658536585366,0.701219512195122,-0.06097560975609757,0.0,0.0,0.0,0,0,0,
2024-08-01T01:14:04.571292,30.026666666666667,7.933333333333334,-25.92,-1.4578857421875,-0.2447509765625,0.9508056640625,-0.06097560975609757,1.4329268292682928,-0.15243902439024393,0.0,0.0,0.0,0,0,0,
2024-08-01T01:14:04.584523,30.000000000000004,7.960000000000001,-25.893333333333334,-1.4539794921875,-0.24365234375,0.95166015625,0.0,1.6463414634146343,-0.2134146341463415,0.0,0.0,0.0,0,0,0,
2024-08-01T01:14:04.597630,29.986666666666668,7.986666666666667,-25.78666666666667,-1.4521484375,-0.2435302734375,0.9539794921875,0.7317073170731708,1.676829268292683,-0.3353658536585366,0.0,0.0,0.0,0,0,0,
2024-08-01T01:14:04.610891,30.013333333333335,7.960000000000001,-25.866666666666667,-1.455810546875,-0.246826171875,0.950927734375,0.30487804878048785,1.4634146341463417,-0.5487804878048781,0.0,0.0,0.0,0,0,0,
2024-08-01T01:14:04.623811,30.000000000000004,8.0,-25.90666666666667,-1.45751953125,-0.2454833984375,0.951904296875,0.15243902439024393,0.6402439024390244,-0.06097560975609757,0.0,0.0,0.0,0,0,0,
2024-08-01T01:14:04.637893,29.853333333333335,7.946666666666667,-25.92,-1.4608154296875,-0.2476806640625,0.9530029296875,0.3658536585365854,0.7926829268292683,-0.030487804878048783,0.0,0.0,0.0,0,0,0,
2024-08-01T01:14:04.651389,29.866666666666667,8.013333333333334,-25.813333333333336,-1.454345703125,-0.24658203125,0.9462890625,0.3658536585365854,1.4329268292682928,-0.5487804878048781,0.0,0.0,0.0,0,0,0,
2024-08-01T01:14:04.663150,30.093333333333334,7.880000000000001,-26.013333333333335,-1.459228515625,-0.2490234375,0.9464111328125,0.5487804878048781,1.5548780487804879,-0.6707317073170732,0.0,0.0,0.0,0,0,0,
2024-08-01T01:14:04.676594,30.10666666666667,7.8133333333333335,-25.90666666666667,-1.4566650390625,-0.247802734375,0.95166015625,0.06097560975609757,2.1951219512195124,-0.426829268292683,0.0,0.0,0.0,0,0,0,
2024-08-01T01:14:04.690541,30.080000000000002,8.026666666666667,-25.92,-1.4534912109375,-0.2445068359375,0.9500732421875,-0.030487804878048783,1.2195121951219514,-0.3353658536585366,0.0,0.0,0.0,0,0,0,
2024-08-01T01:14:04.702613,30.14666666666667,8.013333333333334,-25.880000000000003,-1.449951171875,-0.2471923828125,0.95263671875,0.27439024390243905,0.6097560975609757,-0.09146341463414635,0.0,0.0,0.0,0,0,0,
2024-08-01T01:14:04.715883,30.026666666666667,8.066666666666666,-25.96,-1.4573974609375,-0.2454833984375,0.951416015625,0.48780487804878053,0.4573170731707317,-0.27439024390243905,0.0,0.0,0.0,0,0,0,
2024-08-01T01:14:04.728816,30.026666666666667,8.040000000000001,-25.893333333333334,-1.4593505859375,-0.24951171875,0.950927734375,0.27439024390243905,1.3414634146341464,-0.3658536585365854,0.0,0.0,0.0,0,0,0,
2024-08-01T01:14:04.741856,30.013333333333335,7.986666666666667,-25.893333333333334,-1.458740234375,-0.2462158203125,0.94677734375,-0.12195121951219513,1.7987804878048783,-0.24390243902439027,0.0,0.0,0.0,0,0,0,
2024-08-01T01:14:04.754950,29.986666666666668,7.946666666666667,-25.880000000000003,-1.4520263671875,-0.2464599609375,0.95166015625,0.09146341463414635,1.8902439024390245,-0.39634146341463417,0.0,0.0,0.0,0,0,0,
2024-08-01T01:14:04.768676,30.053333333333335,7.973333333333334,-25.90666666666667,-1.4510498046875,-0.2437744140625,0.951171875,0.2134146341463415,1.524390243902439,-0.27439024390243905,0.0,0.0,0.0,0,0,0,
2024-08-01T01:14:04.782337,30.000000000000004,7.960000000000001,-25.90666666666667,-1.451904296875,-0.24560546875,0.95556640625,0.30487804878048785,0.9756097560975611,-0.39634146341463417,0.0,0.0,0.0,0,0,0,
2024-08-01T01:14:04.794552,30.000000000000004,7.960000000000001,-25.90666666666667,-1.457763671875,-0.245849609375,0.953369140625,0.12195121951219513,0.8231707317073171,-0.12195121951219513,0.0,0.0,0.0,0,0,0,
2024-08-01T01:14:04.807533,30.000000000000004,8.013333333333334,-25.92,-1.456298828125,-0.24755859375,0.94873046875,0.15243902439024393,1.1585365853658538,-0.12195121951219513,0.0,0.0,0.0,0,0,0,
2024-08-01T01:14:04.820728,30.000000000000004,7.973333333333334,-25.853333333333335,-1.458740234375,-0.2476806640625,0.9468994140625,0.24390243902439027,2.225609756097561,-0.5792682926829269,0.0,0.0,0.0,0,0,0,
2024-08-01T01:14:04.833736,30.000000000000004,7.986666666666667,-25.76,-1.453369140625,-0.2452392578125,0.9525146484375,0.30487804878048785,2.1341463414634148,-0.5182926829268293,0.0,0.0,0.0,0,0,0,
2024-08-01T01:14:04.846823,29.94666666666667,7.986666666666667,-25.96,-1.454345703125,-0.2423095703125,0.952880859375,0.39634146341463417,1.7378048780487807,-0.426829268292683,0.0,0.0,0.0,0,0,0,
2024-08-01T01:14:04.860074,29.933333333333334,7.986666666666667,-25.840000000000003,-1.448974609375,-0.2431640625,0.951904296875,0.4573170731707317,0.9146341463414634,-0.39634146341463417,0.0,0.0,0.0,0,0,0,
2024-08-01T01:14:04.873151,29.826666666666668,7.986666666666667,-25.933333333333334,-1.454345703125,-0.2470703125,0.9483642578125,0.39634146341463417,0.48780487804878053,0.09146341463414635,0.0,0.0,0.0,0,0,0,
2024-08-01T01:14:04.886195,30.093333333333334,7.986666666666667,-25.986666666666668,-1.4537353515625,-0.2476806640625,0.948974609375,0.5487804878048781,1.676829268292683,-0.27439024390243905,0.0,0.0,0.0,0,0,0,
2024-08-01T01:14:04.900564,29.92,7.866666666666667,-25.880000000000003,-1.458740234375,-0.2471923828125,0.9473876953125,0.24390243902439027,1.7987804878048783,-0.27439024390243905,0.0,0.0,0.0,0,0,0,
2024-08-01T01:14:04.912721,30.000000000000004,7.946666666666667,-25.92,-1.4554443359375,-0.24658203125,0.9525146484375,0.06097560975609757,1.7987804878048783,-0.48780487804878053,0.0,0.0,0.0,0,0,0,
2024-08-01T01:14:04.925694,30.133333333333336,8.040000000000001,-25.893333333333334,-1.4527587890625,-0.2431640625,0.9541015625,0.09146341463414635,1.7682926829268295,-0.27439024390243905,0.0,0.0,0.0,0,0,0,
2024-08-01T01:14:04.938789,30.000000000000004,7.920000000000001,-25.90666666666667,-1.4508056640625,-0.24169921875,0.9530029296875,0.3353658536585366,0.5792682926829269,-0.1829268292682927,0.0,0.0,0.0,0,0,0,
2024-08-01T01:14:04.952088,30.026666666666667,8.186666666666667,-25.880000000000003,-1.4508056640625,-0.2440185546875,0.95166015625,0.5182926829268293,0.9451219512195123,-0.39634146341463417,0.0,0.0,0.0,0,0,0,
2024-08-01T01:14:04.964912,30.013333333333335,8.0,-25.90666666666667,-1.460205078125,-0.24853515625,0.9481201171875,0.30487804878048785,1.0975609756097562,-0.12195121951219513,0.0,0.0,0.0,0,0,0,
2024-08-01T01:14:04.978389,30.000000000000004,7.986666666666667,-25.893333333333334,-1.4613037109375,-0.2493896484375,0.94580078125,0.0,1.829268292682927,-0.15243902439024393,0.0,0.0,0.0,0,0,0,
2024-08-01T01:14:04.991120,30.000000000000004,8.0,-25.893333333333334,-1.4532470703125,-0.2469482421875,0.9490966796875,0.06097560975609757,1.8902439024390245,-0.12195121951219513,0.0,0.0,0.0,0,0,0,
2024-08-01T01:14:05.004772,30.000000000000004,7.960000000000001,-25.90666666666667,-1.4498291015625,-0.241943359375,0.9522705078125,0.4573170731707317,1.3719512195121952,-0.39634146341463417,0.0,0.0,0.0,0,0,0,
2024-08-01T01:14:05.018528,30.026666666666667,7.960000000000001,-25.90666666666667,-1.455078125,-0.2415771484375,0.951904296875,0.6402439024390244,1.2195121951219514,-0.3353658536585366,0.0,0.0,0.0,0,0,0,
2024-08-01T01:14:05.030663,30.026666666666667,7.960000000000001,-25.90666666666667,-1.4613037109375,-0.2454833984375,0.9505615234375,0.24390243902439027,0.48780487804878053,-0.30487804878048785,0.0,0.0,0.0,0,0,0,
2024-08-01T01:14:05.043741,29.986666666666668,7.986666666666667,-25.92,-1.455078125,-0.2459716796875,0.9501953125,0.39634146341463417,1.2195121951219514,-0.3353658536585366,0.0,0.0,0.0,0,0,0,
2024-08-01T01:14:05.056967,30.026666666666667,7.973333333333334,-25.826666666666668,-1.4520263671875,-0.243896484375,0.9501953125,0.06097560975609757,1.4634146341463417,-0.48780487804878053,0.0,0.0,0.0,0,0,0,
2024-08-01T01:14:05.070051,29.973333333333336,8.0,-25.720000000000002,-1.4521484375,-0.246826171875,0.9493408203125,0.48780487804878053,1.8597560975609757,-0.4573170731707317,0.0,0.0,0.0,0,0,0,
2024-08-01T01:14:05.083314,29.986666666666668,7.973333333333334,-25.933333333333334,-1.4552001953125,-0.2437744140625,0.9505615234375,0.5487804878048781,1.25,-0.426829268292683,0.0,0.0,0.0,0,0,0,
2024-08-01T01:14:05.096211,29.90666666666667,8.0,-25.90666666666667,-1.4559326171875,-0.2442626953125,0.951904296875,-0.030487804878048783,1.2195121951219514,-0.3353658536585366,0.0,0.0,0.0,0,0,0,
2024-08-01T01:14:05.109376,29.92,8.0,-25.973333333333336,-1.4547119140625,-0.2442626953125,0.95068359375,0.06097560975609757,0.6097560975609757,0.030487804878048783,0.0,0.0,0.0,0,0,0,
2024-08-01T01:14:05.122464,30.040000000000003,7.946666666666667,-25.96,-1.4539794921875,-0.2469482421875,0.9508056640625,0.2134146341463415,1.0365853658536586,-0.30487804878048785,0.0,0.0,0.0,0,0,0,
2024-08-01T01:14:05.146251,29.92,7.8533333333333335,-25.880000000000003,-1.4588623046875,-0.246337890625,0.947265625,0.5487804878048781,2.0426829268292686,-0.5792682926829269,0.0,0.0,0.0,0,0,0,
2024-08-01T01:14:05.150963,29.92,7.933333333333334,-25.893333333333334,-1.461181640625,-0.2447509765625,0.9490966796875,0.06097560975609757,1.7378048780487807,-0.5487804878048781,0.0,0.0,0.0,0,0,0,
2024-08-01T01:14:05.162149,30.040000000000003,7.933333333333334,-25.76,-1.455810546875,-0.24560546875,0.9488525390625,0.06097560975609757,1.402439024390244,-0.1829268292682927,0.0,0.0,0.0,0,0,0,
2024-08-01T01:14:05.175202,30.026666666666667,7.773333333333333,-25.866666666666667,-1.44970703125,-0.2415771484375,0.9556884765625,0.12195121951219513,0.4573170731707317,-0.12195121951219513,0.0,0.0,0.0,0,0,0,
2024-08-01T01:14:05.187414,30.026666666666667,8.093333333333334,-25.933333333333334,-1.4481201171875,-0.2435302734375,0.95068359375,0.6707317073170732,1.1890243902439026,-0.27439024390243905,0.0,0.0,0.0,0,0,0,
2024-08-01T01:14:05.200611,30.053333333333335,8.013333333333334,-25.973333333333336,-1.4638671875,-0.246337890625,0.9500732421875,0.39634146341463417,1.25,-0.426829268292683,0.0,0.0,0.0,0,0,0,
2024-08-01T01:14:05.214141,30.053333333333335,8.026666666666667,-25.893333333333334,-1.4622802734375,-0.2508544921875,0.9482421875,0.06097560975609757,1.2195121951219514,-0.2134146341463415,0.0,0.0,0.0,0,0,0,
2024-08-01T01:14:05.226859,30.000000000000004,8.026666666666667,-25.893333333333334,-1.4493408203125,-0.2440185546875,0.9483642578125,0.24390243902439027,1.7987804878048783,-0.4573170731707317,0.0,0.0,0.0,0,0,0,
2024-08-01T01:14:05.240071,30.013333333333335,7.986666666666667,-25.933333333333334,-1.4515380859375,-0.247802734375,0.9482421875,0.4573170731707317,1.4634146341463417,-0.27439024390243905,0.0,0.0,0.0,0,0,0,
2024-08-01T01:14:05.272162,30.013333333333335,8.0,-25.90666666666667,-1.4566650390625,-0.24609375,0.952880859375,0.5182926829268293,1.3109756097560976,-0.5182926829268293,0.0,0.0,0.0,0,0,0,
2024-08-01T01:14:05.288803,30.013333333333335,8.0,-25.90666666666667,-1.45068359375,-0.244384765625,0.9515380859375,0.1829268292682927,1.0670731707317074,-0.24390243902439027,0.0,0.0,0.0,0,0,0,
2024-08-01T01:14:05.293703,30.013333333333335,7.826666666666667,-25.76,-1.4547119140625,-0.2469482421875,0.9530029296875,0.1829268292682927,1.3719512195121952,-0.27439024390243905,0.0,0.0,0.0,0,0,0,
2024-08-01T01:14:05.306241,30.013333333333335,7.826666666666667,-26.0,-1.4544677734375,-0.2457275390625,0.9481201171875,0.3353658536585366,1.676829268292683,-0.27439024390243905,0.0,0.0,0.0,0,0,0,
2024-08-01T01:14:05.319253,30.000000000000004,7.920000000000001,-25.96,-1.4549560546875,-0.2493896484375,0.952392578125,0.3353658536585366,1.5853658536585367,-0.30487804878048785,0.0,0.0,0.0,0,0,0,
2024-08-01T01:14:05.332314,29.866666666666667,7.933333333333334,-25.826666666666668,-1.4552001953125,-0.2430419921875,0.95263671875,-0.030487804878048783,1.128048780487805,-0.12195121951219513,0.0,0.0,0.0,0,0,0,
2024-08-01T01:14:05.345564,29.96,7.933333333333334,-26.080000000000002,-1.45458984375,-0.2425537109375,0.948974609375,0.2134146341463415,0.8231707317073171,-0.030487804878048783,0.0,0.0,0.0,0,0,0,
2024-08-01T01:14:05.360266,30.06666666666667,7.986666666666667,-25.973333333333336,-1.4559326171875,-0.2484130859375,0.9532470703125,0.3353658536585366,0.9451219512195123,-0.1829268292682927,0.0,0.0,0.0,0,0,0,
2024-08-01T01:14:05.371524,30.026666666666667,7.826666666666667,-26.013333333333335,-1.457275390625,-0.24658203125,0.9500732421875,0.24390243902439027,1.7987804878048783,-0.3658536585365854,0.0,0.0,0.0,0,0,0,
2024-08-01T01:14:05.384874,29.973333333333336,8.013333333333334,-25.826666666666668,-1.459716796875,-0.2452392578125,0.9481201171875,0.30487804878048785,1.9512195121951221,-0.24390243902439027,0.0,0.0,0.0,0,0,0,
2024-08-01T01:14:05.397999,30.040000000000003,7.973333333333334,-25.880000000000003,-1.4561767578125,-0.2430419921875,0.9505615234375,0.0,1.5853658536585367,-0.1829268292682927,0.0,0.0,0.0,0,0,0,
2024-08-01T01:14:05.412828,30.000000000000004,7.920000000000001,-25.893333333333334,-1.45458984375,-0.2430419921875,0.9521484375,0.2134146341463415,1.0060975609756098,-0.3353658536585366,0.0,0.0,0.0,0,0,0,
2024-08-01T01:14:05.426804,29.96,7.8533333333333335,-25.92,-1.4542236328125,-0.2451171875,0.95458984375,0.4573170731707317,1.1585365853658538,-0.3658536585365854,0.0,0.0,0.0,0,0,0,
2024-08-01T01:14:05.440816,30.06666666666667,7.906666666666667,-25.880000000000003,-1.4588623046875,-0.24853515625,0.9512939453125,0.27439024390243905,1.128048780487805,-0.2134146341463415,0.0,0.0,0.0,0,0,0,
2024-08-01T01:14:05.452663,30.06666666666667,7.8933333333333335,-25.893333333333334,-1.4556884765625,-0.2462158203125,0.949951171875,0.1829268292682927,1.4939024390243905,-0.15243902439024393,0.0,0.0,0.0,0,0,0,
2024-08-01T01:14:05.465852,30.040000000000003,8.093333333333334,-25.90666666666667,-1.4566650390625,-0.2451171875,0.9490966796875,0.09146341463414635,2.0121951219512195,-0.12195121951219513,0.0,0.0,0.0,0,0,0,
2024-08-01T01:14:05.479654,29.986666666666668,7.973333333333334,-25.893333333333334,-1.454345703125,-0.243896484375,0.94775390625,0.15243902439024393,1.1890243902439026,-0.24390243902439027,0.0,0.0,0.0,0,0,0,
2024-08-01T01:14:05.495239,29.986666666666668,7.960000000000001,-25.866666666666667,-1.45703125,-0.243408203125,0.947998046875,0.39634146341463417,1.25,-0.24390243902439027,0.0,0.0,0.0,0,0,0,
2024-08-01T01:14:05.504911,29.986666666666668,7.960000000000001,-25.866666666666667,-1.45703125,-0.243408203125,0.947998046875,0.5792682926829269,1.0975609756097562,-0.39634146341463417,0.0,0.0,0.0,0,0,0,
2024-08-01T01:14:05.518947,30.000000000000004,8.026666666666667,-25.893333333333334,-1.4588623046875,-0.24658203125,0.9539794921875,0.12195121951219513,1.128048780487805,-0.3658536585365854,0.0,0.0,0.0,0,0,0,
2024-08-01T01:14:05.530587,29.986666666666668,7.960000000000001,-25.92,-1.4573974609375,-0.245849609375,0.9508056640625,0.09146341463414635,1.402439024390244,-0.3658536585365854,0.0,0.0,0.0,0,0,0,
2024-08-01T01:14:05.542324,29.986666666666668,7.986666666666667,-25.706666666666667,-1.4542236328125,-0.243896484375,0.9520263671875,0.3353658536585366,2.1951219512195124,-0.4573170731707317,0.0,0.0,0.0,0,0,0,
2024-08-01T01:14:05.555248,30.013333333333335,7.946666666666667,-25.973333333333336,-1.457763671875,-0.247802734375,0.9517822265625,0.5792682926829269,1.7378048780487807,-0.27439024390243905,0.0,0.0,0.0,0,0,0,
2024-08-01T01:14:05.568487,29.853333333333335,7.973333333333334,-25.893333333333334,-1.4556884765625,-0.2442626953125,0.949951171875,0.27439024390243905,1.1585365853658538,-0.3658536585365854,0.0,0.0,0.0,0,0,0,
2024-08-01T01:14:05.581649,30.06666666666667,7.960000000000001,-26.026666666666667,-1.454345703125,-0.2442626953125,0.950927734375,0.12195121951219513,0.701219512195122,-0.030487804878048783,0.0,0.0,0.0,0,0,0,
2024-08-01T01:14:05.594460,29.96,8.0,-25.866666666666667,-1.4537353515625,-0.244384765625,0.94873046875,0.27439024390243905,1.0365853658536586,-0.30487804878048785,0.0,0.0,0.0,0,0,0,
2024-08-01T01:14:05.607768,30.186666666666667,7.773333333333333,-25.893333333333334,-1.4532470703125,-0.247314453125,0.9508056640625,0.5182926829268293,1.7682926829268295,-0.426829268292683,0.0,0.0,0.0,0,0,0,
2024-08-01T01:14:05.620959,30.133333333333336,8.013333333333334,-25.90666666666667,-1.45751953125,-0.244873046875,0.947509765625,0.27439024390243905,1.524390243902439,-0.24390243902439027,0.0,0.0,0.0,0,0,0,
2024-08-01T01:14:05.635061,29.986666666666668,7.8933333333333335,-25.866666666666667,-1.4581298828125,-0.2432861328125,0.94970703125,0.0,1.4634146341463417,-0.3353658536585366,0.0,0.0,0.0,0,0,0,
2024-08-01T01:14:05.647116,29.986666666666668,7.800000000000001,-25.880000000000003,-1.4517822265625,-0.24365234375,0.954833984375,0.2134146341463415,0.9146341463414634,0.06097560975609757,0.0,0.0,0.0,0,0,0,
2024-08-01T01:14:05.660254,29.986666666666668,8.066666666666666,-25.893333333333334,-1.44970703125,-0.241455078125,0.9522705078125,0.4573170731707317,1.0670731707317074,-0.3658536585365854,0.0,0.0,0.0,0,0,0,
2024-08-01T01:14:05.673714,30.000000000000004,7.973333333333334,-25.893333333333334,-1.461669921875,-0.248291015625,0.9456787109375,0.39634146341463417,1.402439024390244,-0.15243902439024393,0.0,0.0,0.0,0,0,0,
2024-08-01T01:14:05.687274,29.973333333333336,7.906666666666667,-25.893333333333334,-1.453369140625,-0.2486572265625,0.9476318359375,0.1829268292682927,0.7926829268292683,-0.15243902439024393,0.0,0.0,0.0,0,0,0,
2024-08-01T01:14:05.699760,29.973333333333336,8.066666666666666,-25.880000000000003,-1.4525146484375,-0.2420654296875,0.9510498046875,-0.09146341463414635,1.676829268292683,-0.2134146341463415,0.0,0.0,0.0,0,0,0,
2024-08-01T01:14:05.714552,30.06666666666667,7.986666666666667,-25.94666666666667,-1.4488525390625,-0.240966796875,0.947021484375,0.3658536585365854,2.378048780487805,-0.4573170731707317,0.0,0.0,0.0,0,0,0,
2024-08-01T01:14:05.726874,30.06666666666667,7.986666666666667,-25.94666666666667,-1.455810546875,-0.244140625,0.9501953125,0.3353658536585366,1.0060975609756098,-0.5182926829268293,0.0,0.0,0.0,0,0,0,
2024-08-01T01:14:05.739055,30.06666666666667,7.973333333333334,-25.826666666666668,-1.4549560546875,-0.2510986328125,0.95458984375,0.426829268292683,1.0365853658536586,-0.27439024390243905,0.0,0.0,0.0,0,0,0,
2024-08-01T01:14:05.752263,30.000000000000004,7.960000000000001,-25.933333333333334,-1.457763671875,-0.2452392578125,0.9510498046875,-0.030487804878048783,0.4573170731707317,-0.24390243902439027,0.0,0.0,0.0,0,0,0,
2024-08-01T01:14:05.765486,30.000000000000004,7.986666666666667,-25.813333333333336,-1.4542236328125,-0.248291015625,0.952880859375,0.0,1.5548780487804879,-0.12195121951219513,0.0,0.0,0.0,0,0,0,
2024-08-01T01:14:05.779133,30.013333333333335,8.013333333333334,-25.853333333333335,-1.4566650390625,-0.246337890625,0.9454345703125,0.30487804878048785,2.1951219512195124,-0.5182926829268293,0.0,0.0,0.0,0,0,0,
2024-08-01T01:14:05.791679,29.96,8.0,-25.813333333333336,-1.457275390625,-0.243408203125,0.95263671875,0.6402439024390244,1.6463414634146343,-0.5182926829268293,0.0,0.0,0.0,0,0,0,
2024-08-01T01:14:05.804625,29.893333333333334,7.986666666666667,-25.840000000000003,-1.455078125,-0.244873046875,0.9539794921875,0.12195121951219513,1.3109756097560976,-0.4573170731707317,0.0,0.0,0.0,0,0,0,
2024-08-01T01:14:05.817887,30.026666666666667,8.0,-25.986666666666668,-1.4522705078125,-0.2435302734375,0.953857421875,0.39634146341463417,0.5182926829268293,-0.15243902439024393,0.0,0.0,0.0,0,0,0,
2024-08-01T01:14:05.830947,29.92,7.973333333333334,-25.90666666666667,-1.4532470703125,-0.24462890625,0.9532470703125,0.12195121951219513,1.0670731707317074,-0.030487804878048783,0.0,0.0,0.0,0,0,0,
2024-08-01T01:14:05.844037,30.000000000000004,7.800000000000001,-25.90666666666667,-1.4539794921875,-0.2476806640625,0.9466552734375,0.6402439024390244,1.5548780487804879,-0.6097560975609757,0.0,0.0,0.0,0,0,0,
2024-08-01T01:14:05.856926,30.06666666666667,8.026666666666667,-25.90666666666667,-1.4608154296875,-0.24853515625,0.94921875,0.426829268292683,1.4329268292682928,-0.5182926829268293,0.0,0.0,0.0,0,0,0,
2024-08-01T01:14:05.870294,30.026666666666667,7.920000000000001,-25.90666666666667,-1.460693359375,-0.2469482421875,0.9498291015625,-0.030487804878048783,1.4939024390243905,-0.1829268292682927,0.0,0.0,0.0,0,0,0,
2024-08-01T01:14:05.883480,30.013333333333335,8.120000000000001,-25.90666666666667,-1.4559326171875,-0.245361328125,0.9500732421875,0.09146341463414635,1.5548780487804879,-0.24390243902439027,0.0,0.0,0.0,0,0,0,
2024-08-01T01:14:05.896575,29.986666666666668,8.053333333333335,-25.90666666666667,-1.4534912109375,-0.2435302734375,0.95361328125,0.3658536585365854,0.9756097560975611,-0.426829268292683,0.0,0.0,0.0,0,0,0,
2024-08-01T01:14:05.909487,30.000000000000004,7.946666666666667,-25.90666666666667,-1.4537353515625,-0.24658203125,0.9488525390625,0.5182926829268293,1.0365853658536586,-0.5792682926829269,0.0,0.0,0.0,0,0,0,
2024-08-01T01:14:05.922755,30.000000000000004,7.973333333333334,-25.94666666666667,-1.4609375,-0.2432861328125,0.9520263671875,0.15243902439024393,1.1890243902439026,-0.3353658536585366,0.0,0.0,0.0,0,0,0,
2024-08-01T01:14:05.936525,30.026666666666667,7.973333333333334,-25.880000000000003,-1.455078125,-0.248291015625,0.946533203125,-0.15243902439024393,1.7378048780487807,-0.27439024390243905,0.0,0.0,0.0,0,0,0,
2024-08-01T01:14:05.950172,30.000000000000004,7.973333333333334,-25.880000000000003,-1.4510498046875,-0.237548828125,0.9508056640625,0.3353658536585366,1.981707317073171,-0.1829268292682927,0.0,0.0,0.0,0,0,0,
2024-08-01T01:14:05.962134,30.000000000000004,7.973333333333334,-25.880000000000003,-1.4560546875,-0.2432861328125,0.9483642578125,0.6707317073170732,1.0975609756097562,-0.426829268292683,0.0,0.0,0.0,0,0,0,
2024-08-01T01:14:05.975046,30.000000000000004,7.973333333333334,-25.893333333333334,-1.4552001953125,-0.246337890625,0.9517822265625,0.27439024390243905,1.0365853658536586,-0.27439024390243905,0.0,0.0,0.0,0,0,0,
2024-08-01T01:14:05.988923,30.026666666666667,7.973333333333334,-25.826666666666668,-1.4556884765625,-0.2427978515625,0.9520263671875,0.15243902439024393,0.7926829268292683,-0.09146341463414635,0.0,0.0,0.0,0,0,0,
2024-08-01T01:14:06.001407,29.973333333333336,7.960000000000001,-25.78666666666667,-1.4552001953125,-0.2427978515625,0.9501953125,0.12195121951219513,1.2195121951219514,-0.3353658536585366,0.0,0.0,0.0,0,0,0,
2024-08-01T01:14:06.014907,29.986666666666668,7.973333333333334,-25.94666666666667,-1.45458984375,-0.24560546875,0.954833984375,0.48780487804878053,1.981707317073171,-0.3353658536585366,0.0,0.0,0.0,0,0,0,
2024-08-01T01:14:06.027786,29.96,7.986666666666667,-25.826666666666668,-1.4525146484375,-0.244140625,0.9510498046875,0.3658536585365854,1.4634146341463417,-0.27439024390243905,0.0,0.0,0.0,0,0,0,
2024-08-01T01:14:06.040897,29.893333333333334,8.0,-25.94666666666667,-1.454833984375,-0.2423095703125,0.9501953125,0.09146341463414635,1.6158536585365855,-0.3658536585365854,0.0,0.0,0.0,0,0,0,
2024-08-01T01:14:06.054930,30.06666666666667,7.986666666666667,-26.0,-1.4541015625,-0.24560546875,0.9525146484375,0.06097560975609757,1.1890243902439026,-0.3658536585365854,0.0,0.0,0.0,0,0,0,
2024-08-01T01:14:06.067068,30.12,7.840000000000001,-25.986666666666668,-1.44970703125,-0.2415771484375,0.95068359375,0.5182926829268293,0.4573170731707317,-0.48780487804878053,0.0,0.0,0.0,0,0,0,
2024-08-01T01:14:06.080072,30.14666666666667,7.906666666666667,-25.90666666666667,-1.4569091796875,-0.2449951171875,0.94970703125,0.5182926829268293,1.3414634146341464,-0.426829268292683,0.0,0.0,0.0,0,0,0,
2024-08-01T01:14:06.093230,30.040000000000003,7.986666666666667,-25.893333333333334,-1.45751953125,-0.2454833984375,0.943603515625,0.0,1.3109756097560976,-0.27439024390243905,0.0,0.0,0.0,0,0,0,
2024-08-01T01:14:06.106368,30.040000000000003,7.8933333333333335,-25.92,-1.4571533203125,-0.244140625,0.953369140625,0.06097560975609757,2.164634146341464,-0.30487804878048785,0.0,0.0,0.0,0,0,0,
2024-08-01T01:14:06.119354,30.000000000000004,8.146666666666667,-25.893333333333334,-1.452392578125,-0.2425537109375,0.9527587890625,0.30487804878048785,1.1890243902439026,-0.30487804878048785,0.0,0.0,0.0,0,0,0,
2024-08-01T01:14:06.132391,30.013333333333335,7.920000000000001,-25.866666666666667,-1.454345703125,-0.2449951171875,0.9501953125,0.426829268292683,0.6402439024390244,-0.09146341463414635,0.0,0.0,0.0,0,0,0,
2024-08-01T01:14:06.145802,29.986666666666668,7.960000000000001,-25.893333333333334,-1.45458984375,-0.239990234375,0.9447021484375,0.5487804878048781,1.2804878048780488,-0.2134146341463415,0.0,0.0,0.0,0,0,0,
2024-08-01T01:14:06.158733,30.053333333333335,7.960000000000001,-25.893333333333334,-1.455810546875,-0.2425537109375,0.9505615234375,0.2134146341463415,1.3109756097560976,-0.3353658536585366,0.0,0.0,0.0,0,0,0,
2024-08-01T01:14:06.172677,30.026666666666667,7.986666666666667,-25.933333333333334,-1.4595947265625,-0.2467041015625,0.9471435546875,0.0,1.4634146341463417,-0.3353658536585366,0.0,0.0,0.0,0,0,0,
2024-08-01T01:14:06.186383,30.040000000000003,7.960000000000001,-25.933333333333334,-1.4554443359375,-0.2470703125,0.953369140625,0.24390243902439027,1.3719512195121952,-0.39634146341463417,0.0,0.0,0.0,0,0,0,
2024-08-01T01:14:06.199368,30.040000000000003,7.960000000000001,-25.933333333333334,-1.4554443359375,-0.2427978515625,0.95458984375,0.7317073170731708,1.4634146341463417,-0.3353658536585366,0.0,0.0,0.0,0,0,0,
2024-08-01T01:14:06.211338,30.000000000000004,8.0,-25.90666666666667,-1.453125,-0.2462158203125,0.950439453125,0.12195121951219513,1.128048780487805,-0.3353658536585366,0.0,0.0,0.0,0,0,0,
2024-08-01T01:14:06.224578,30.013333333333335,7.946666666666667,-25.840000000000003,-1.45556640625,-0.2440185546875,0.9532470703125,-0.06097560975609757,1.0975609756097562,-0.09146341463414635,0.0,0.0,0.0,0,0,0,
2024-08-01T01:14:06.237420,30.053333333333335,7.973333333333334,-25.8,-1.4561767578125,-0.2440185546875,0.9488525390625,0.12195121951219513,1.1890243902439026,-0.24390243902439027,0.0,0.0,0.0,0,0,0,
2024-08-01T01:14:06.252112,30.026666666666667,7.960000000000001,-25.94666666666667,-1.4503173828125,-0.244873046875,0.9530029296875,0.5182926829268293,1.5853658536585367,-0.6402439024390244,0.0,0.0,0.0,0,0,0,
2024-08-01T01:14:06.264639,29.96,7.986666666666667,-26.06666666666667,-1.458740234375,-0.2470703125,0.9510498046875,0.5487804878048781,1.7378048780487807,-0.39634146341463417,0.0,0.0,0.0,0,0,0,
2024-08-01T01:14:06.276963,29.78666666666667,7.973333333333334,-25.76,-1.46142578125,-0.2474365234375,0.9520263671875,0.0,1.524390243902439,-0.12195121951219513,0.0,0.0,0.0,0,0,0,
2024-08-01T01:14:06.290113,30.080000000000002,7.960000000000001,-25.96,-1.4554443359375,-0.244384765625,0.9520263671875,0.06097560975609757,1.0365853658536586,0.030487804878048783,0.0,0.0,0.0,0,0,0,
2024-08-01T01:14:06.302818,29.973333333333336,7.8533333333333335,-25.880000000000003,-1.4490966796875,-0.2427978515625,0.95556640625,0.39634146341463417,0.9756097560975611,-0.3658536585365854,0.0,0.0,0.0,0,0,0,
2024-08-01T01:14:06.316226,30.160000000000004,8.026666666666667,-25.893333333333334,-1.4542236328125,-0.2462158203125,0.9552001953125,0.6402439024390244,1.6158536585365855,-0.4573170731707317,0.0,0.0,0.0,0,0,0,
2024-08-01T01:14:06.329372,30.013333333333335,7.866666666666667,-25.893333333333334,-1.461669921875,-0.248779296875,0.9534912109375,0.24390243902439027,1.25,-0.30487804878048785,0.0,0.0,0.0,0,0,0,
2024-08-01T01:14:06.342274,30.026666666666667,7.933333333333334,-25.90666666666667,-1.4560546875,-0.2464599609375,0.945068359375,-0.09146341463414635,1.676829268292683,-0.24390243902439027,0.0,0.0,0.0,0,0,0,
2024-08-01T01:14:06.355265,30.053333333333335,8.093333333333334,-25.933333333333334,-1.447509765625,-0.2435302734375,0.950439453125,0.30487804878048785,1.829268292682927,-0.426829268292683,0.0,0.0,0.0,0,0,0,
2024-08-01T01:14:06.368838,30.080000000000002,7.960000000000001,-25.92,-1.451416015625,-0.2454833984375,0.953125,0.48780487804878053,0.8841463414634148,-0.3658536585365854,0.0,0.0,0.0,0,0,0,
2024-08-01T01:14:06.381737,30.000000000000004,7.946666666666667,-25.90666666666667,-1.4556884765625,-0.2467041015625,0.9542236328125,0.4573170731707317,1.3719512195121952,-0.426829268292683,0.0,0.0,0.0,0,0,0,
2024-08-01T01:14:06.394959,30.000000000000004,7.986666666666667,-25.90666666666667,-1.45849609375,-0.2435302734375,0.949462890625,0.06097560975609757,0.9451219512195123,-0.15243902439024393,0.0,0.0,0.0,0,0,0,
2024-08-01T01:14:06.411516,29.96,8.053333333333335,-25.880000000000003,-1.45849609375,-0.24755859375,0.9490966796875,0.12195121951219513,1.7378048780487807,-0.2134146341463415,0.0,0.0,0.0,0,0,0,
2024-08-01T01:14:06.424969,30.013333333333335,7.946666666666667,-25.92,-1.4537353515625,-0.2451171875,0.9490966796875,0.24390243902439027,1.3414634146341464,-0.24390243902439027,0.0,0.0,0.0,0,0,0,
2024-08-01T01:14:06.436935,30.013333333333335,7.946666666666667,-25.92,-1.4605712890625,-0.2464599609375,0.952880859375,0.5792682926829269,0.9451219512195123,-0.39634146341463417,0.0,0.0,0.0,0,0,0,
2024-08-01T01:14:06.449261,29.986666666666668,7.933333333333334,-25.880000000000003,-1.4544677734375,-0.2490234375,0.951416015625,0.27439024390243905,1.4329268292682928,-0.2134146341463415,0.0,0.0,0.0,0,0,0,
2024-08-01T01:14:06.462954,30.026666666666667,7.960000000000001,-25.8,-1.4532470703125,-0.2396240234375,0.951904296875,-0.2134146341463415,1.0365853658536586,-0.3658536585365854,0.0,0.0,0.0,0,0,0,
2024-08-01T01:14:06.476461,29.973333333333336,7.933333333333334,-25.90666666666667,-1.4527587890625,-0.2440185546875,0.9512939453125,0.1829268292682927,1.2804878048780488,-0.24390243902439027,0.0,0.0,0.0,0,0,0,
2024-08-01T01:14:06.488933,29.94666666666667,7.933333333333334,-25.853333333333335,-1.45263671875,-0.243408203125,0.951904296875,0.3353658536585366,1.5853658536585367,-0.48780487804878053,0.0,0.0,0.0,0,0,0,
2024-08-01T01:14:06.501279,29.893333333333334,7.933333333333334,-25.840000000000003,-1.456787109375,-0.2432861328125,0.951904296875,0.39634146341463417,1.3414634146341464,-0.09146341463414635,0.0,0.0,0.0,0,0,0,
2024-08-01T01:14:06.513239,29.96,7.986666666666667,-25.826666666666668,-1.456787109375,-0.2467041015625,0.9495849609375,0.30487804878048785,1.3109756097560976,-0.27439024390243905,0.0,0.0,0.0,0,0,0,
2024-08-01T01:14:06.527103,29.986666666666668,7.960000000000001,-25.92,-1.457275390625,-0.2452392578125,0.947509765625,0.2134146341463415,1.128048780487805,-0.3658536585365854,0.0,0.0,0.0,0,0,0,
2024-08-01T01:14:06.539422,30.026666666666667,7.906666666666667,-25.92,-1.4525146484375,-0.241455078125,0.9498291015625,0.48780487804878053,1.1890243902439026,-0.4573170731707317,0.0,0.0,0.0,0,0,0,
2024-08-01T01:14:06.552552,30.14666666666667,8.026666666666667,-25.893333333333334,-1.4559326171875,-0.243408203125,0.95166015625,0.48780487804878053,1.7682926829268295,-0.48780487804878053,0.0,0.0,0.0,0,0,0,
2024-08-01T01:14:06.565388,29.986666666666668,7.8933333333333335,-25.893333333333334,-1.45849609375,-0.2447509765625,0.9508056640625,0.15243902439024393,1.4329268292682928,-0.6097560975609757,0.0,0.0,0.0,0,0,0,
2024-08-01T01:14:06.578801,29.986666666666668,8.146666666666667,-25.92,-1.4564208984375,-0.2484130859375,0.9503173828125,-0.06097560975609757,0.5487804878048781,-0.09146341463414635,0.0,0.0,0.0,0,0,0,
2024-08-01T01:14:06.593024,30.000000000000004,8.066666666666666,-25.90666666666667,-1.4559326171875,-0.2471923828125,0.9517822265625,0.30487804878048785,1.5548780487804879,-0.3658536585365854,0.0,0.0,0.0,0,0,0,
2024-08-01T01:14:06.604848,30.026666666666667,8.133333333333335,-25.90666666666667,-1.450927734375,-0.248046875,0.952880859375,0.39634146341463417,0.9756097560975611,-0.39634146341463417,0.0,0.0,0.0,0,0,0,
2024-08-01T01:14:06.617930,30.026666666666667,8.0,-25.92,-1.4560546875,-0.248291015625,0.9488525390625,0.3353658536585366,1.524390243902439,-0.3353658536585366,0.0,0.0,0.0,0,0,0,
2024-08-01T01:14:06.631991,29.94666666666667,8.053333333333335,-25.92,-1.459228515625,-0.2481689453125,0.9522705078125,0.030487804878048783,1.3109756097560976,-0.2134146341463415,0.0,0.0,0.0,0,0,0,
2024-08-01T01:14:06.645898,30.000000000000004,7.960000000000001,-25.866666666666667,-1.4559326171875,-0.24560546875,0.9503173828125,0.09146341463414635,0.9756097560975611,-0.3658536585365854,0.0,0.0,0.0,0,0,0,
2024-08-01T01:14:06.657630,30.000000000000004,7.960000000000001,-25.866666666666667,-1.4549560546875,-0.2457275390625,0.94873046875,0.5182926829268293,1.1890243902439026,-0.27439024390243905,0.0,0.0,0.0,0,0,0,
2024-08-01T01:14:06.673456,30.000000000000004,7.933333333333334,-25.813333333333336,-1.458251953125,-0.2481689453125,0.950927734375,0.5487804878048781,0.9756097560975611,-0.15243902439024393,0.0,0.0,0.0,0,0,0,
2024-08-01T01:14:06.683667,29.986666666666668,7.933333333333334,-25.880000000000003,-1.458984375,-0.2452392578125,0.9510498046875,0.2134146341463415,1.1585365853658538,-0.2134146341463415,0.0,0.0,0.0,0,0,0,
2024-08-01T01:14:06.696901,29.986666666666668,8.0,-25.78666666666667,-1.456787109375,-0.241455078125,0.9481201171875,0.2134146341463415,1.4329268292682928,-0.30487804878048785,0.0,0.0,0.0,0,0,0,
2024-08-01T01:14:06.710914,30.000000000000004,8.0,-25.92,-1.4530029296875,-0.244384765625,0.9501953125,0.30487804878048785,1.3109756097560976,-0.30487804878048785,0.0,0.0,0.0,0,0,0,
2024-08-01T01:14:06.723040,29.973333333333336,7.986666666666667,-25.986666666666668,-1.453857421875,-0.2471923828125,0.953369140625,0.48780487804878053,1.2804878048780488,-0.06097560975609757,0.0,0.0,0.0,0,0,0,
2024-08-01T01:14:06.736491,29.826666666666668,7.986666666666667,-25.853333333333335,-1.45361328125,-0.2427978515625,0.9522705078125,0.48780487804878053,1.0975609756097562,-0.3353658536585366,0.0,0.0,0.0,0,0,0,
2024-08-01T01:14:06.750016,30.013333333333335,8.026666666666667,-26.06666666666667,-1.4581298828125,-0.247314453125,0.9495849609375,0.27439024390243905,0.8841463414634148,-0.2134146341463415,0.0,0.0,0.0,0,0,0,
2024-08-01T01:14:06.762385,29.986666666666668,7.8933333333333335,-25.973333333333336,-1.4581298828125,-0.2474365234375,0.9476318359375,0.0,1.4939024390243905,-0.39634146341463417,0.0,0.0,0.0,0,0,0,
2024-08-01T01:14:06.775507,30.080000000000002,7.773333333333333,-25.893333333333334,-1.4488525390625,-0.2471923828125,0.9501953125,0.15243902439024393,1.3414634146341464,-0.3658536585365854,0.0,0.0,0.0,0,0,0,
2024-08-01T01:14:06.791896,30.12,8.0,-25.90666666666667,-1.455078125,-0.2413330078125,0.947265625,0.5792682926829269,1.524390243902439,-0.6097560975609757,0.0,0.0,0.0,0,0,0,
2024-08-01T01:14:06.803773,29.96,7.8533333333333335,-26.0,-1.4571533203125,-0.2486572265625,0.9547119140625,0.27439024390243905,1.25,-0.3658536585365854,0.0,0.0,0.0,0,0,0,
2024-08-01T01:14:06.814949,30.093333333333334,8.066666666666666,-25.880000000000003,-1.4598388671875,-0.249267578125,0.9500732421875,-0.2134146341463415,0.9451219512195123,-0.12195121951219513,0.0,0.0,0.0,0,0,0,
2024-08-01T01:14:06.828889,29.986666666666668,8.066666666666666,-25.92,-1.4552001953125,-0.244873046875,0.949951171875,0.5487804878048781,1.4939024390243905,-0.24390243902439027,0.0,0.0,0.0,0,0,0,
2024-08-01T01:14:06.841120,30.000000000000004,8.066666666666666,-25.893333333333334,-1.454833984375,-0.24609375,0.952392578125,0.3658536585365854,1.2195121951219514,-0.48780487804878053,0.0,0.0,0.0,0,0,0,
2024-08-01T01:14:06.855597,30.026666666666667,8.026666666666667,-25.880000000000003,-1.451904296875,-0.2474365234375,0.9476318359375,0.3658536585365854,1.981707317073171,-0.4573170731707317,0.0,0.0,0.0,0,0,0,
2024-08-01T01:14:06.867995,30.013333333333335,7.960000000000001,-25.92,-1.454833984375,-0.2437744140625,0.9512939453125,0.15243902439024393,1.7682926829268295,-0.39634146341463417,0.0,0.0,0.0,0,0,0,
2024-08-01T01:14:06.881455,30.013333333333335,8.0,-25.893333333333334,-1.450439453125,-0.2442626953125,0.9541015625,-0.09146341463414635,0.48780487804878053,-0.12195121951219513,0.0,0.0,0.0,0,0,0,
2024-08-01T01:14:06.893477,30.013333333333335,8.0,-25.893333333333334,-1.45263671875,-0.2471923828125,0.9539794921875,0.6097560975609757,1.0670731707317074,-0.27439024390243905,0.0,0.0,0.0,0,0,0,
2024-08-01T01:14:06.906872,30.053333333333335,7.946666666666667,-25.893333333333334,-1.4525146484375,-0.244873046875,0.950927734375,0.5792682926829269,1.1890243902439026,-0.3658536585365854,0.0,0.0,0.0,0,0,0,
2024-08-01T01:14:06.919789,29.933333333333334,7.960000000000001,-25.853333333333335,-1.4595947265625,-0.250244140625,0.95068359375,-0.030487804878048783,1.6463414634146343,-0.1829268292682927,0.0,0.0,0.0,0,0,0,
2024-08-01T01:14:06.932992,30.040000000000003,8.013333333333334,-25.813333333333336,-1.456298828125,-0.2464599609375,0.949951171875,0.30487804878048785,1.9512195121951221,0.0,0.0,0.0,0.0,0,0,0,
2024-08-01T01:14:06.945934,30.026666666666667,7.986666666666667,-25.986666666666668,-1.4522705078125,-0.2427978515625,0.9544677734375,0.09146341463414635,1.4634146341463417,-0.5487804878048781,0.0,0.0,0.0,0,0,0,
2024-08-01T01:14:06.958987,29.933333333333334,7.960000000000001,-25.853333333333335,-1.4552001953125,-0.2435302734375,0.950439453125,0.6707317073170732,0.8841463414634148,-0.39634146341463417,0.0,0.0,0.0,0,0,0,
2024-08-01T01:14:06.972075,29.94666666666667,7.960000000000001,-26.080000000000002,-1.45654296875,-0.2484130859375,0.9443359375,0.5792682926829269,0.8841463414634148,-0.2134146341463415,0.0,0.0,0.0,0,0,0,
2024-08-01T01:14:06.985344,30.093333333333334,7.933333333333334,-26.0,-1.4554443359375,-0.24755859375,0.9486083984375,0.06097560975609757,1.4939024390243905,-0.30487804878048785,0.0,0.0,0.0,0,0,0,
2024-08-01T01:14:06.998456,29.94666666666667,7.840000000000001,-25.90666666666667,-1.4569091796875,-0.245849609375,0.950439453125,0.1829268292682927,1.7682926829268295,-0.2134146341463415,0.0,0.0,0.0,0,0,0,
2024-08-01T01:14:07.011701,30.173333333333336,7.920000000000001,-25.893333333333334,-1.45556640625,-0.24560546875,0.94970703125,0.30487804878048785,1.2804878048780488,-0.5487804878048781,0.0,0.0,0.0,0,0,0,
2024-08-01T01:14:07.025433,30.10666666666667,8.040000000000001,-25.92,-1.4549560546875,-0.24560546875,0.95166015625,0.701219512195122,1.8902439024390245,-0.48780487804878053,0.0,0.0,0.0,0,0,0,
2024-08-01T01:14:07.038034,30.026666666666667,7.693333333333334,-25.866666666666667,-1.457763671875,-0.2464599609375,0.947265625,0.3658536585365854,1.0060975609756098,-0.30487804878048785,0.0,0.0,0.0,0,0,0,
2024-08-01T01:14:07.050844,30.013333333333335,8.08,-25.90666666666667,-1.45849609375,-0.244384765625,0.950439453125,0.0,0.5182926829268293,-0.030487804878048783,0.0,0.0,0.0,0,0,0,
2024-08-01T01:14:07.064065,30.053333333333335,7.960000000000001,-25.90666666666667,-1.4561767578125,-0.246337890625,0.9493408203125,0.15243902439024393,1.4939024390243905,-0.3353658536585366,0.0,0.0,0.0,0,0,0,
2024-08-01T01:14:07.077152,29.986666666666668,7.986666666666667,-25.893333333333334,-1.4510498046875,-0.2496337890625,0.9525146484375,0.5792682926829269,1.4939024390243905,-0.5487804878048781,0.0,0.0,0.0,0,0,0,
2024-08-01T01:14:07.090332,29.973333333333336,7.946666666666667,-25.893333333333334,-1.4578857421875,-0.2467041015625,0.950439453125,0.3658536585365854,1.7682926829268295,-0.39634146341463417,0.0,0.0,0.0,0,0,0,
2024-08-01T01:14:07.104147,30.013333333333335,7.986666666666667,-25.866666666666667,-1.4544677734375,-0.2432861328125,0.9508056640625,0.5487804878048781,1.3414634146341464,-0.12195121951219513,0.0,0.0,0.0,0,0,0,
2024-08-01T01:14:07.118740,30.013333333333335,7.960000000000001,-25.866666666666667,-1.45458984375,-0.243408203125,0.9503173828125,0.24390243902439027,1.128048780487805,-0.3658536585365854,0.0,0.0,0.0,0,0,0,
2024-08-01T01:14:07.129943,30.013333333333335,7.960000000000001,-25.866666666666667,-1.4559326171875,-0.244140625,0.95068359375,0.39634146341463417,0.8231707317073171,-0.27439024390243905,0.0,0.0,0.0,0,0,0,
2024-08-01T01:14:07.142783,30.000000000000004,7.960000000000001,-25.90666666666667,-1.4581298828125,-0.24755859375,0.9471435546875,0.3353658536585366,1.128048780487805,-0.12195121951219513,0.0,0.0,0.0,0,0,0,
2024-08-01T01:14:07.155814,30.026666666666667,7.973333333333334,-25.78666666666667,-1.4573974609375,-0.24658203125,0.949951171875,0.5182926829268293,1.7682926829268295,-0.39634146341463417,0.0,0.0,0.0,0,0,0,
2024-08-01T01:14:07.168984,29.986666666666668,7.973333333333334,-25.893333333333334,-1.4569091796875,-0.2462158203125,0.94873046875,0.15243902439024393,1.676829268292683,-0.3353658536585366,0.0,0.0,0.0,0,0,0,
2024-08-01T01:14:07.182249,30.000000000000004,7.960000000000001,-25.94666666666667,-1.4554443359375,-0.2451171875,0.948486328125,-0.030487804878048783,1.1890243902439026,-0.1829268292682927,0.0,0.0,0.0,0,0,0,
2024-08-01T01:14:07.195316,29.880000000000003,7.8933333333333335,-25.8,-1.4478759765625,-0.2431640625,0.9510498046875,0.27439024390243905,1.1585365853658538,-0.6402439024390244,0.0,0.0,0.0,0,0,0,
2024-08-01T01:14:07.208419,29.96,7.946666666666667,-26.133333333333336,-1.457763671875,-0.2474365234375,0.950439453125,0.6707317073170732,1.0975609756097562,-0.30487804878048785,0.0,0.0,0.0,0,0,0,
2024-08-01T01:14:07.221508,30.040000000000003,7.986666666666667,-25.94666666666667,-1.45947265625,-0.2481689453125,0.9534912109375,0.3353658536585366,1.0365853658536586,-0.24390243902439027,0.0,0.0,0.0,0,0,0,
2024-08-01T01:14:07.234649,29.96,7.786666666666667,-25.986666666666668,-1.4547119140625,-0.24365234375,0.9503173828125,-0.2134146341463415,1.4329268292682928,-0.24390243902439027,0.0,0.0,0.0,0,0,0,
2024-08-01T01:14:07.247821,30.133333333333336,8.013333333333334,-25.90666666666667,-1.4521484375,-0.244873046875,0.9534912109375,0.12195121951219513,1.7987804878048783,-0.48780487804878053,0.0,0.0,0.0,0,0,0,
2024-08-01T01:14:07.260961,30.013333333333335,7.986666666666667,-25.880000000000003,-1.453369140625,-0.2449951171875,0.9515380859375,0.30487804878048785,1.6158536585365855,-0.4573170731707317,0.0,0.0,0.0,0,0,0,
2024-08-01T01:14:07.273985,30.013333333333335,7.906666666666667,-25.893333333333334,-1.457763671875,-0.24853515625,0.9498291015625,0.3353658536585366,1.3109756097560976,-0.24390243902439027,0.0,0.0,0.0,0,0,0,
2024-08-01T01:14:07.287177,30.000000000000004,8.066666666666666,-25.893333333333334,-1.4613037109375,-0.2467041015625,0.9505615234375,-0.12195121951219513,0.3658536585365854,-0.1829268292682927,0.0,0.0,0.0,0,0,0,
2024-08-01T01:14:07.300253,29.986666666666668,7.906666666666667,-25.90666666666667,-1.453125,-0.2469482421875,0.94873046875,0.426829268292683,1.6158536585365855,-0.09146341463414635,0.0,0.0,0.0,0,0,0,
2024-08-01T01:14:07.314306,30.06666666666667,7.986666666666667,-25.773333333333333,-1.45263671875,-0.24658203125,0.948486328125,0.5182926829268293,1.4329268292682928,-0.3353658536585366,0.0,0.0,0.0,0,0,0,
2024-08-01T01:14:07.329781,29.92,8.053333333333335,-25.880000000000003,-1.4581298828125,-0.248291015625,0.947265625,0.5182926829268293,2.0121951219512195,-0.30487804878048785,0.0,0.0,0.0,0,0,0,
2024-08-01T01:14:07.341330,30.06666666666667,8.120000000000001,-25.880000000000003,-1.4622802734375,-0.2481689453125,0.9500732421875,0.3658536585365854,1.3414634146341464,-0.3353658536585366,0.0,0.0,0.0,0,0,0,
2024-08-01T01:14:07.354139,30.040000000000003,7.986666666666667,-25.90666666666667,-1.4552001953125,-0.24365234375,0.9510498046875,0.0,0.5182926829268293,-0.030487804878048783,0.0,0.0,0.0,0,0,0,
2024-08-01T01:14:07.365769,30.040000000000003,7.986666666666667,-25.90666666666667,-1.4512939453125,-0.2430419921875,0.951904296875,0.27439024390243905,1.128048780487805,-0.48780487804878053,0.0,0.0,0.0,0,0,0,
2024-08-01T01:14:07.378855,30.026666666666667,7.960000000000001,-25.90666666666667,-1.4541015625,-0.2474365234375,0.9493408203125,0.48780487804878053,1.524390243902439,-0.5182926829268293,0.0,0.0,0.0,0,0,0,
2024-08-01T01:14:07.392126,30.000000000000004,7.973333333333334,-25.773333333333333,-1.45947265625,-0.2479248046875,0.9505615234375,0.39634146341463417,1.4634146341463417,-0.2134146341463415,0.0,0.0,0.0,0,0,0,
2024-08-01T01:14:07.407774,29.973333333333336,7.973333333333334,-25.813333333333336,-1.455810546875,-0.245849609375,0.9508056640625,-0.12195121951219513,1.402439024390244,-0.27439024390243905,0.0,0.0,0.0,0,0,0,
2024-08-01T01:14:07.419841,29.986666666666668,8.0,-25.96,-1.44921875,-0.2427978515625,0.95166015625,0.3658536585365854,1.128048780487805,-0.2134146341463415,0.0,0.0,0.0,0,0,0,
2024-08-01T01:14:07.434569,29.866666666666667,7.973333333333334,-25.8,-1.4537353515625,-0.2435302734375,0.951904296875,0.5487804878048781,1.3719512195121952,-0.3353658536585366,0.0,0.0,0.0,0,0,0,
2024-08-01T01:14:07.447329,29.813333333333336,7.920000000000001,-25.893333333333334,-1.455078125,-0.2464599609375,0.9537353515625,0.48780487804878053,1.3719512195121952,-0.2134146341463415,0.0,0.0,0.0,0,0,0,
2024-08-01T01:14:07.461439,30.026666666666667,7.880000000000001,-25.826666666666668,-1.4605712890625,-0.2471923828125,0.9501953125,0.24390243902439027,1.0670731707317074,0.06097560975609757,0.0,0.0,0.0,0,0,0,
2024-08-01T01:14:07.472087,29.74666666666667,7.973333333333334,-25.853333333333335,-1.45263671875,-0.2469482421875,0.948974609375,0.12195121951219513,1.4634146341463417,0.030487804878048783,0.0,0.0,0.0,0,0,0,
2024-08-01T01:14:07.484779,29.866666666666667,7.733333333333333,-25.893333333333334,-1.453857421875,-0.2493896484375,0.9527587890625,0.27439024390243905,1.5853658536585367,-0.15243902439024393,0.0,0.0,0.0,0,0,0,
2024-08-01T01:14:07.499053,30.12,8.093333333333334,-25.92,-1.455810546875,-0.241943359375,0.9490966796875,0.6707317073170732,1.5548780487804879,-0.24390243902439027,0.0,0.0,0.0,0,0,0,
2024-08-01T01:14:07.510023,30.026666666666667,7.960000000000001,-25.866666666666667,-1.457275390625,-0.2476806640625,0.95361328125,0.39634146341463417,1.1585365853658538,-0.09146341463414635,0.0,0.0,0.0,0,0,0,
2024-08-01T01:14:07.523200,29.973333333333336,8.133333333333335,-25.880000000000003,-1.4560546875,-0.2440185546875,0.95166015625,-0.06097560975609757,0.6097560975609757,-0.06097560975609757,0.0,0.0,0.0,0,0,0,
2024-08-01T01:14:07.536324,30.026666666666667,7.960000000000001,-25.893333333333334,-1.4520263671875,-0.2481689453125,0.9490966796875,0.15243902439024393,1.524390243902439,-0.48780487804878053,0.0,0.0,0.0,0,0,0,
2024-08-01T01:14:07.557872,29.94666666666667,7.973333333333334,-25.893333333333334,-1.455810546875,-0.2470703125,0.948974609375,0.3353658536585366,1.524390243902439,-0.39634146341463417,0.0,0.0,0.0,0,0,0,
2024-08-01T01:14:07.563641,29.94666666666667,7.960000000000001,-25.706666666666667,-1.455810546875,-0.2470703125,0.948974609375,0.15243902439024393,1.3719512195121952,-0.5487804878048781,0.0,0.0,0.0,0,0,0,
2024-08-01T01:14:07.575597,30.013333333333335,8.013333333333334,-25.933333333333334,-1.4561767578125,-0.2452392578125,0.9476318359375,0.06097560975609757,1.4329268292682928,-0.3353658536585366,0.0,0.0,0.0,0,0,0,
2024-08-01T01:14:07.589464,30.040000000000003,8.013333333333334,-25.90666666666667,-1.4549560546875,-0.244873046875,0.950927734375,-0.06097560975609757,0.7926829268292683,-0.3353658536585366,0.0,0.0,0.0,0,0,0,
2024-08-01T01:14:07.601404,30.040000000000003,8.013333333333334,-25.90666666666667,-1.4478759765625,-0.2484130859375,0.9525146484375,0.5792682926829269,1.524390243902439,-0.426829268292683,0.0,0.0,0.0,0,0,0,
2024-08-01T01:14:07.614620,30.013333333333335,7.973333333333334,-25.866666666666667,-1.45947265625,-0.24609375,0.9498291015625,0.3353658536585366,0.9756097560975611,-0.3353658536585366,0.0,0.0,0.0,0,0,0,
2024-08-01T01:14:07.628541,30.053333333333335,8.0,-25.76,-1.4564208984375,-0.2470703125,0.9517822265625,0.1829268292682927,0.853658536585366,-0.30487804878048785,0.0,0.0,0.0,0,0,0,
2024-08-01T01:14:07.640728,29.893333333333334,8.106666666666667,-25.680000000000003,-1.453125,-0.2440185546875,0.9500732421875,0.30487804878048785,1.9207317073170733,-0.3353658536585366,0.0,0.0,0.0,0,0,0,
2024-08-01T01:14:07.653826,29.92,8.013333333333334,-25.90666666666667,-1.45166015625,-0.2469482421875,0.951416015625,-0.24390243902439027,1.4634146341463417,-0.30487804878048785,0.0,0.0,0.0,0,0,0,
2024-08-01T01:14:07.679145,29.90666666666667,7.986666666666667,-26.093333333333334,-1.4541015625,-0.2413330078125,0.9510498046875,0.5182926829268293,1.0365853658536586,-0.27439024390243905,0.0,0.0,0.0,0,0,0,
2024-08-01T01:14:07.691763,30.000000000000004,7.866666666666667,-25.866666666666667,-1.461181640625,-0.249267578125,0.94580078125,0.5182926829268293,1.128048780487805,-0.30487804878048785,0.0,0.0,0.0,0,0,0,
2024-08-01T01:14:07.698707,29.853333333333335,8.08,-25.986666666666668,-1.457763671875,-0.24658203125,0.95166015625,0.3353658536585366,1.3109756097560976,-0.4573170731707317,0.0,0.0,0.0,0,0,0,
2024-08-01T01:14:07.706836,30.040000000000003,8.08,-25.720000000000002,-1.457763671875,-0.24658203125,0.95166015625,0.1829268292682927,1.1890243902439026,0.0,0.0,0.0,0.0,0,0,0,
2024-08-01T01:14:07.720018,30.160000000000004,8.026666666666667,-25.893333333333334,-1.454345703125,-0.243896484375,0.9493408203125,0.12195121951219513,1.3414634146341464,-0.426829268292683,0.0,0.0,0.0,0,0,0,
2024-08-01T01:14:07.733313,30.013333333333335,7.933333333333334,-25.90666666666667,-1.45751953125,-0.2437744140625,0.9483642578125,0.3658536585365854,1.3109756097560976,-0.27439024390243905,0.0,0.0,0.0,0,0,0,
2024-08-01T01:14:07.746388,29.986666666666668,8.053333333333335,-25.893333333333334,-1.4556884765625,-0.246337890625,0.9495849609375,0.5792682926829269,1.128048780487805,-0.1829268292682927,0.0,0.0,0.0,0,0,0,
2024-08-01T01:14:07.759518,30.000000000000004,8.053333333333335,-25.893333333333334,-1.4600830078125,-0.2427978515625,0.948486328125,0.09146341463414635,0.8231707317073171,-0.24390243902439027,0.0,0.0,0.0,0,0,0,
2024-08-01T01:14:07.772612,30.06666666666667,7.960000000000001,-25.866666666666667,-1.45556640625,-0.24365234375,0.9500732421875,0.06097560975609757,1.5548780487804879,-0.27439024390243905,0.0,0.0,0.0,0,0,0,
2024-08-01T01:14:07.785710,30.013333333333335,7.973333333333334,-25.90666666666667,-1.4542236328125,-0.2470703125,0.951171875,0.4573170731707317,1.4329268292682928,-0.30487804878048785,0.0,0.0,0.0,0,0,0,
2024-08-01T01:14:07.798859,30.000000000000004,7.973333333333334,-25.893333333333334,-1.456787109375,-0.2476806640625,0.9520263671875,0.5487804878048781,1.3414634146341464,-0.5487804878048781,0.0,0.0,0.0,0,0,0,
2024-08-01T01:14:07.813371,30.040000000000003,7.973333333333334,-25.893333333333334,-1.458251953125,-0.2440185546875,0.9456787109375,0.030487804878048783,1.4939024390243905,-0.1829268292682927,0.0,0.0,0.0,0,0,0,
2024-08-01T01:14:07.824935,30.040000000000003,7.973333333333334,-25.893333333333334,-1.4583740234375,-0.2457275390625,0.94921875,0.3353658536585366,1.0975609756097562,-0.030487804878048783,0.0,0.0,0.0,0,0,0,
2024-08-01T01:14:07.839573,30.000000000000004,8.0,-25.866666666666667,-1.45166015625,-0.2454833984375,0.9542236328125,0.27439024390243905,0.8231707317073171,-0.09146341463414635,0.0,0.0,0.0,0,0,0,
2024-08-01T01:14:07.853383,30.040000000000003,7.973333333333334,-25.893333333333334,-1.457763671875,-0.24462890625,0.950927734375,0.5182926829268293,1.2804878048780488,-0.48780487804878053,0.0,0.0,0.0,0,0,0,
2024-08-01T01:14:07.865512,30.013333333333335,7.960000000000001,-25.853333333333335,-1.4603271484375,-0.24755859375,0.9505615234375,0.12195121951219513,1.3109756097560976,-0.30487804878048785,0.0,0.0,0.0,0,0,0,
2024-08-01T01:14:07.878792,30.080000000000002,7.986666666666667,-25.76,-1.454833984375,-0.2459716796875,0.9501953125,0.12195121951219513,1.7378048780487807,-0.5487804878048781,0.0,0.0,0.0,0,0,0,
2024-08-01T01:14:07.891819,30.013333333333335,8.040000000000001,-25.773333333333333,-1.4542236328125,-0.245849609375,0.948486328125,0.06097560975609757,1.2195121951219514,-0.24390243902439027,0.0,0.0,0.0,0,0,0,
2024-08-01T01:14:07.903694,29.973333333333336,8.0,-25.973333333333336,-1.4532470703125,-0.243896484375,0.9520263671875,0.4573170731707317,0.9756097560975611,-0.39634146341463417,0.0,0.0,0.0,0,0,0,
2024-08-01T01:14:07.918211,30.06666666666667,7.973333333333334,-25.96,-1.4561767578125,-0.243896484375,0.950439453125,0.6707317073170732,1.1585365853658538,-0.1829268292682927,0.0,0.0,0.0,0,0,0,
2024-08-01T01:14:07.930220,29.880000000000003,8.0,-25.96,-1.463623046875,-0.252197265625,0.9498291015625,0.2134146341463415,1.0975609756097562,-0.5182926829268293,0.0,0.0,0.0,0,0,0,
2024-08-01T01:14:07.943084,29.96,7.840000000000001,-25.880000000000003,-1.4532470703125,-0.245361328125,0.951904296875,0.27439024390243905,1.676829268292683,-0.2134146341463415,0.0,0.0,0.0,0,0,0,
2024-08-01T01:14:07.956185,30.093333333333334,8.0,-25.90666666666667,-1.454345703125,-0.2427978515625,0.9490966796875,0.27439024390243905,1.5548780487804879,-0.3353658536585366,0.0,0.0,0.0,0,0,0,
2024-08-01T01:14:07.969409,30.000000000000004,7.866666666666667,-25.866666666666667,-1.454345703125,-0.24462890625,0.947509765625,0.3353658536585366,1.3109756097560976,-0.1829268292682927,0.0,0.0,0.0,0,0,0,
2024-08-01T01:14:07.982483,30.013333333333335,8.053333333333335,-25.866666666666667,-1.4532470703125,-0.2437744140625,0.94921875,0.426829268292683,1.402439024390244,-0.27439024390243905,0.0,0.0,0.0,0,0,0,
2024-08-01T01:14:07.996207,30.000000000000004,8.08,-25.893333333333334,-1.456787109375,-0.24853515625,0.9517822265625,0.30487804878048785,1.2804878048780488,-0.15243902439024393,0.0,0.0,0.0,0,0,0,
2024-08-01T01:14:08.008842,30.000000000000004,7.933333333333334,-25.880000000000003,-1.4556884765625,-0.247314453125,0.9521484375,0.39634146341463417,0.7621951219512195,-0.30487804878048785,0.0,0.0,0.0,0,0,0,
2024-08-01T01:14:08.021846,29.973333333333336,7.960000000000001,-25.893333333333334,-1.4588623046875,-0.2454833984375,0.9503173828125,0.48780487804878053,1.3414634146341464,-0.27439024390243905,0.0,0.0,0.0,0,0,0,
2024-08-01T01:14:08.035297,30.026666666666667,7.986666666666667,-25.880000000000003,-1.4593505859375,-0.245849609375,0.951171875,0.48780487804878053,2.103658536585366,-0.6097560975609757,0.0,0.0,0.0,0,0,0,
2024-08-01T01:14:08.049100,30.040000000000003,7.973333333333334,-25.880000000000003,-1.4537353515625,-0.242919921875,0.9488525390625,-0.06097560975609757,1.6463414634146343,-0.426829268292683,0.0,0.0,0.0,0,0,0,
2024-08-01T01:14:08.061156,30.040000000000003,7.973333333333334,-25.880000000000003,-1.4542236328125,-0.24462890625,0.9500732421875,0.27439024390243905,1.1585365853658538,-0.030487804878048783,0.0,0.0,0.0,0,0,0,
2024-08-01T01:14:08.074421,29.96,8.013333333333334,-25.893333333333334,-1.4510498046875,-0.2435302734375,0.953369140625,0.39634146341463417,0.8231707317073171,-0.27439024390243905,0.0,0.0,0.0,0,0,0,
2024-08-01T01:14:08.087352,30.000000000000004,7.960000000000001,-25.90666666666667,-1.4541015625,-0.246826171875,0.9510498046875,0.7317073170731708,1.2804878048780488,-0.4573170731707317,0.0,0.0,0.0,0,0,0,
2024-08-01T01:14:08.100529,30.013333333333335,7.960000000000001,-25.76,-1.45947265625,-0.248046875,0.9482421875,0.09146341463414635,1.128048780487805,-0.48780487804878053,0.0,0.0,0.0,0,0,0,
2024-08-01T01:14:08.113610,29.973333333333336,7.933333333333334,-25.973333333333336,-1.453369140625,-0.245849609375,0.9525146484375,-0.09146341463414635,2.0426829268292686,-0.5182926829268293,0.0,0.0,0.0,0,0,0,
2024-08-01T01:14:08.127712,29.94666666666667,7.986666666666667,-25.76,-1.450439453125,-0.2406005859375,0.94970703125,0.3658536585365854,1.4939024390243905,-0.15243902439024393,0.0,0.0,0.0,0,0,0,
2024-08-01T01:14:08.140568,29.826666666666668,7.960000000000001,-25.773333333333333,-1.4569091796875,-0.2408447265625,0.9541015625,0.5182926829268293,0.8231707317073171,0.0,0.0,0.0,0.0,0,0,0,
2024-08-01T01:14:08.153842,30.093333333333334,7.920000000000001,-25.96,-1.4547119140625,-0.24560546875,0.9512939453125,0.3658536585365854,1.4634146341463417,-0.3353658536585366,0.0,0.0,0.0,0,0,0,
2024-08-01T01:14:08.166698,30.000000000000004,7.880000000000001,-25.986666666666668,-1.4615478515625,-0.2440185546875,0.9503173828125,0.24390243902439027,1.2195121951219514,-0.3658536585365854,0.0,0.0,0.0,0,0,0,
2024-08-01T01:14:08.182387,29.92,7.760000000000001,-25.880000000000003,-1.45751953125,-0.2479248046875,0.9493408203125,0.06097560975609757,1.524390243902439,-0.30487804878048785,0.0,0.0,0.0,0,0,0,
2024-08-01T01:14:08.194269,29.8,8.106666666666667,-25.973333333333336,-1.4517822265625,-0.2430419921875,0.9453125,0.3658536585365854,1.4329268292682928,-0.30487804878048785,0.0,0.0,0.0,0,0,0,
2024-08-01T01:14:08.206766,29.96,7.946666666666667,-25.853333333333335,-1.4525146484375,-0.2462158203125,0.947509765625,0.3658536585365854,1.829268292682927,-0.3353658536585366,0.0,0.0,0.0,0,0,0,
2024-08-01T01:14:08.224167,29.94666666666667,7.8133333333333335,-25.853333333333335,-1.4564208984375,-0.2451171875,0.9515380859375,0.3353658536585366,1.402439024390244,-0.48780487804878053,0.0,0.0,0.0,0,0,0,
2024-08-01T01:14:08.232927,29.973333333333336,7.960000000000001,-25.933333333333334,-1.4552001953125,-0.248046875,0.951171875,0.12195121951219513,0.4573170731707317,-0.09146341463414635,0.0,0.0,0.0,0,0,0,
2024-08-01T01:14:08.247098,30.000000000000004,8.013333333333334,-25.773333333333333,-1.451904296875,-0.243408203125,0.9459228515625,0.3658536585365854,1.3719512195121952,-0.24390243902439027,0.0,0.0,0.0,0,0,0,
2024-08-01T01:14:08.258812,29.94666666666667,8.093333333333334,-25.853333333333335,-1.4539794921875,-0.2513427734375,0.9447021484375,0.426829268292683,1.4634146341463417,-0.27439024390243905,0.0,0.0,0.0,0,0,0,
2024-08-01T01:14:08.272813,30.06666666666667,7.880000000000001,-25.853333333333335,-1.4593505859375,-0.2513427734375,0.9520263671875,0.1829268292682927,1.6463414634146343,-0.3353658536585366,0.0,0.0,0.0,0,0,0,
2024-08-01T01:14:08.286346,29.94666666666667,7.960000000000001,-25.92,-1.458740234375,-0.2479248046875,0.948974609375,0.24390243902439027,1.676829268292683,-0.24390243902439027,0.0,0.0,0.0,0,0,0,
2024-08-01T01:14:08.297522,29.94666666666667,7.960000000000001,-25.92,-1.4569091796875,-0.24169921875,0.951171875,0.09146341463414635,1.3109756097560976,0.06097560975609757,0.0,0.0,0.0,0,0,0,
2024-08-01T01:14:08.310878,30.040000000000003,7.973333333333334,-25.973333333333336,-1.452392578125,-0.2445068359375,0.9537353515625,0.3658536585365854,0.8231707317073171,-0.48780487804878053,0.0,0.0,0.0,0,0,0,
2024-08-01T01:14:08.324831,30.026666666666667,7.933333333333334,-25.893333333333334,-1.4593505859375,-0.2476806640625,0.946044921875,0.3353658536585366,1.3414634146341464,-0.5182926829268293,0.0,0.0,0.0,0,0,0,
2024-08-01T01:14:08.337150,30.000000000000004,7.906666666666667,-25.773333333333333,-1.4561767578125,-0.246337890625,0.9486083984375,0.3353658536585366,1.3414634146341464,-0.3353658536585366,0.0,0.0,0.0,0,0,0,
2024-08-01T01:14:08.350249,30.000000000000004,8.013333333333334,-25.94666666666667,-1.45703125,-0.2467041015625,0.95068359375,0.15243902439024393,1.676829268292683,-0.24390243902439027,0.0,0.0,0.0,0,0,0,
2024-08-01T01:14:08.364102,29.880000000000003,7.920000000000001,-25.76,-1.452392578125,-0.2467041015625,0.95166015625,0.24390243902439027,1.1585365853658538,-0.30487804878048785,0.0,0.0,0.0,0,0,0,
2024-08-01T01:14:08.377482,29.773333333333337,7.920000000000001,-25.720000000000002,-1.4564208984375,-0.2451171875,0.9508056640625,0.6402439024390244,1.3414634146341464,-0.426829268292683,0.0,0.0,0.0,0,0,0,
2024-08-01T01:14:08.390321,30.160000000000004,7.960000000000001,-25.8,-1.455078125,-0.24462890625,0.9549560546875,0.1829268292682927,1.5853658536585367,-0.5792682926829269,0.0,0.0,0.0,0,0,0,
2024-08-01T01:14:08.417650,29.933333333333334,7.866666666666667,-25.90666666666667,-1.4544677734375,-0.2437744140625,0.9464111328125,0.15243902439024393,1.0670731707317074,-0.24390243902439027,0.0,0.0,0.0,0,0,0,
2024-08-01T01:14:08.427796,29.813333333333336,7.826666666666667,-25.62666666666667,-1.453369140625,-0.2447509765625,0.950927734375,0.09146341463414635,1.2195121951219514,-0.12195121951219513,0.0,0.0,0.0,0,0,0,
2024-08-01T01:14:08.434252,29.813333333333336,7.826666666666667,-25.62666666666667,-1.4549560546875,-0.2457275390625,0.9534912109375,0.24390243902439027,1.5853658536585367,-0.4573170731707317,0.0,0.0,0.0,0,0,0,
2024-08-01T01:14:08.442771,29.986666666666668,7.826666666666667,-25.94666666666667,-1.4549560546875,-0.2457275390625,0.9534912109375,0.5487804878048781,1.3719512195121952,-0.5182926829268293,0.0,0.0,0.0,0,0,0,
2024-08-01T01:14:08.455572,30.000000000000004,7.760000000000001,-25.92,-1.461669921875,-0.2435302734375,0.9473876953125,0.2134146341463415,1.402439024390244,-0.30487804878048785,0.0,0.0,0.0,0,0,0,
2024-08-01T01:14:08.469336,30.026666666666667,8.133333333333335,-25.90666666666667,-1.4581298828125,-0.24365234375,0.953125,0.30487804878048785,1.0060975609756098,-0.2134146341463415,0.0,0.0,0.0,0,0,0,
2024-08-01T01:14:08.481277,29.986666666666668,8.106666666666667,-25.90666666666667,-1.45263671875,-0.2476806640625,0.9478759765625,0.2134146341463415,1.2195121951219514,-0.12195121951219513,0.0,0.0,0.0,0,0,0,
2024-08-01T01:14:08.494538,30.053333333333335,7.986666666666667,-25.880000000000003,-1.4576416015625,-0.2413330078125,0.9532470703125,0.39634146341463417,1.4329268292682928,-0.5487804878048781,0.0,0.0,0.0,0,0,0,
2024-08-01T01:14:08.509220,29.96,7.920000000000001,-25.853333333333335,-1.455322265625,-0.2491455078125,0.9527587890625,0.5487804878048781,1.4634146341463417,-0.4573170731707317,0.0,0.0,0.0,0,0,0,
2024-08-01T01:14:08.522988,29.94666666666667,8.040000000000001,-25.866666666666667,-1.4554443359375,-0.252685546875,0.9486083984375,0.06097560975609757,1.0975609756097562,-0.24390243902439027,0.0,0.0,0.0,0,0,0,
2024-08-01T01:14:08.533387,29.94666666666667,8.040000000000001,-25.866666666666667,-1.45703125,-0.2471923828125,0.94921875,0.09146341463414635,1.0670731707317074,-0.09146341463414635,0.0,0.0,0.0,0,0,0,
2024-08-01T01:14:08.548039,30.026666666666667,7.973333333333334,-25.853333333333335,-1.4505615234375,-0.2435302734375,0.9483642578125,0.2134146341463415,1.5548780487804879,-0.27439024390243905,0.0,0.0,0.0,0,0,0,
2024-08-01T01:14:08.560528,30.093333333333334,7.973333333333334,-25.853333333333335,-1.453369140625,-0.2431640625,0.9510498046875,0.2134146341463415,1.676829268292683,-0.5182926829268293,0.0,0.0,0.0,0,0,0,
2024-08-01T01:14:08.573948,30.000000000000004,8.013333333333334,-25.773333333333333,-1.458740234375,-0.2467041015625,0.953369140625,0.426829268292683,1.0060975609756098,-0.39634146341463417,0.0,0.0,0.0,0,0,0,
2024-08-01T01:14:08.586050,29.94666666666667,7.973333333333334,-26.026666666666667,-1.4521484375,-0.2427978515625,0.95068359375,-0.09146341463414635,0.853658536585366,-0.3353658536585366,0.0,0.0,0.0,0,0,0,
2024-08-01T01:14:08.599114,29.826666666666668,7.946666666666667,-25.773333333333333,-1.457275390625,-0.2431640625,0.947998046875,0.030487804878048783,1.1890243902439026,-0.030487804878048783,0.0,0.0,0.0,0,0,0,
2024-08-01T01:14:08.612273,29.986666666666668,7.973333333333334,-26.06666666666667,-1.45361328125,-0.2440185546875,0.9476318359375,0.6402439024390244,1.2195121951219514,-0.3353658536585366,0.0,0.0,0.0,0,0,0,
2024-08-01T01:14:08.625348,30.080000000000002,7.946666666666667,-25.96,-1.455322265625,-0.2481689453125,0.9503173828125,0.426829268292683,1.4939024390243905,-0.3658536585365854,0.0,0.0,0.0,0,0,0,
2024-08-01T01:14:08.638320,29.94666666666667,7.8533333333333335,-25.880000000000003,-1.4571533203125,-0.24853515625,0.95068359375,0.09146341463414635,1.4329268292682928,-0.6097560975609757,0.0,0.0,0.0,0,0,0,
2024-08-01T01:14:08.651388,30.10666666666667,8.0,-25.92,-1.4560546875,-0.2412109375,0.951904296875,-0.030487804878048783,1.25,-0.15243902439024393,0.0,0.0,0.0,0,0,0,
2024-08-01T01:14:08.664677,30.000000000000004,7.880000000000001,-25.90666666666667,-1.4500732421875,-0.2470703125,0.953369140625,0.24390243902439027,1.402439024390244,-0.3353658536585366,0.0,0.0,0.0,0,0,0,
2024-08-01T01:14:08.677712,29.986666666666668,7.8933333333333335,-25.90666666666667,-1.455810546875,-0.2437744140625,0.9525146484375,0.5487804878048781,1.402439024390244,-0.5487804878048781,0.0,0.0,0.0,0,0,0,
2024-08-01T01:14:08.690899,30.026666666666667,8.120000000000001,-25.90666666666667,-1.4599609375,-0.2464599609375,0.9537353515625,0.48780487804878053,1.0060975609756098,-0.3353658536585366,0.0,0.0,0.0,0,0,0,
2024-08-01T01:14:08.703902,30.000000000000004,7.960000000000001,-25.866666666666667,-1.4564208984375,-0.2451171875,0.950439453125,0.15243902439024393,1.25,-0.09146341463414635,0.0,0.0,0.0,0,0,0,
2024-08-01T01:14:08.717063,30.053333333333335,7.933333333333334,-25.8,-1.454833984375,-0.24755859375,0.9508056640625,-0.15243902439024393,1.524390243902439,-0.27439024390243905,0.0,0.0,0.0,0,0,0,
2024-08-01T01:14:08.731027,30.000000000000004,7.986666666666667,-25.92,-1.4560546875,-0.241455078125,0.95068359375,0.6707317073170732,1.7378048780487807,-0.4573170731707317,0.0,0.0,0.0,0,0,0,
2024-08-01T01:14:08.745068,29.986666666666668,8.0,-25.880000000000003,-1.456298828125,-0.242431640625,0.9488525390625,0.4573170731707317,0.9756097560975611,-0.5182926829268293,0.0,0.0,0.0,0,0,0,
2024-08-01T01:14:08.757949,30.000000000000004,7.986666666666667,-25.853333333333335,-1.4564208984375,-0.2451171875,0.955322265625,0.030487804878048783,1.0365853658536586,-0.27439024390243905,0.0,0.0,0.0,0,0,0,
2024-08-01T01:14:08.769612,30.000000000000004,7.986666666666667,-25.853333333333335,-1.454833984375,-0.245849609375,0.9500732421875,0.09146341463414635,1.2195121951219514,-0.15243902439024393,0.0,0.0,0.0,0,0,0,
2024-08-01T01:14:08.782884,29.96,7.973333333333334,-25.866666666666667,-1.4537353515625,-0.2452392578125,0.9493408203125,0.1829268292682927,1.2195121951219514,-0.5182926829268293,0.0,0.0,0.0,0,0,0,
2024-08-01T01:14:08.796659,30.013333333333335,7.986666666666667,-25.813333333333336,-1.455322265625,-0.2459716796875,0.9520263671875,0.701219512195122,1.6463414634146343,-0.5792682926829269,0.0,0.0,0.0,0,0,0,
2024-08-01T01:14:08.809177,30.06666666666667,7.986666666666667,-25.74666666666667,-1.456298828125,-0.2476806640625,0.950927734375,0.06097560975609757,1.524390243902439,-0.24390243902439027,0.0,0.0,0.0,0,0,0,
2024-08-01T01:14:08.822213,30.000000000000004,7.986666666666667,-25.94666666666667,-1.4527587890625,-0.243408203125,0.951416015625,0.06097560975609757,1.0975609756097562,-0.27439024390243905,0.0,0.0,0.0,0,0,0,
2024-08-01T01:14:08.835288,29.92,7.986666666666667,-25.826666666666668,-1.4501953125,-0.244873046875,0.9527587890625,0.06097560975609757,0.9146341463414634,-0.27439024390243905,0.0,0.0,0.0,0,0,0,
2024-08-01T01:14:08.848356,29.880000000000003,7.973333333333334,-26.053333333333335,-1.4510498046875,-0.24365234375,0.951904296875,0.4573170731707317,1.25,-0.3658536585365854,0.0,0.0,0.0,0,0,0,
2024-08-01T01:14:08.862258,30.053333333333335,7.960000000000001,-25.973333333333336,-1.4599609375,-0.2471923828125,0.951416015625,0.6402439024390244,1.524390243902439,-0.4573170731707317,0.0,0.0,0.0,0,0,0,
2024-08-01T01:14:08.874600,29.986666666666668,7.866666666666667,-25.973333333333336,-1.4588623046875,-0.239990234375,0.9493408203125,-0.06097560975609757,1.3414634146341464,-0.3353658536585366,0.0,0.0,0.0,0,0,0,
2024-08-01T01:14:08.888492,30.133333333333336,7.906666666666667,-25.893333333333334,-1.4576416015625,-0.2457275390625,0.9501953125,-0.030487804878048783,1.4939024390243905,-0.426829268292683,0.0,0.0,0.0,0,0,0,
2024-08-01T01:14:08.900823,30.186666666666667,7.946666666666667,-25.866666666666667,-1.45654296875,-0.2435302734375,0.9534912109375,0.24390243902439027,1.3414634146341464,-0.30487804878048785,0.0,0.0,0.0,0,0,0,
2024-08-01T01:14:08.913919,29.986666666666668,7.973333333333334,-25.92,-1.45654296875,-0.2457275390625,0.953369140625,0.426829268292683,1.2804878048780488,-0.5182926829268293,0.0,0.0,0.0,0,0,0,
2024-08-01T01:14:08.927028,29.986666666666668,8.066666666666666,-25.90666666666667,-1.4593505859375,-0.24560546875,0.95068359375,0.0,1.0670731707317074,-0.27439024390243905,0.0,0.0,0.0,0,0,0,
2024-08-01T01:14:08.941977,30.026666666666667,7.960000000000001,-25.92,-1.451904296875,-0.24365234375,0.9510498046875,0.2134146341463415,1.5853658536585367,-0.3658536585365854,0.0,0.0,0.0,0,0,0,
2024-08-01T01:14:08.954337,30.013333333333335,8.093333333333334,-25.973333333333336,-1.4552001953125,-0.2464599609375,0.951904296875,0.1829268292682927,1.402439024390244,-0.3353658536585366,0.0,0.0,0.0,0,0,0,
2024-08-01T01:14:08.966736,30.013333333333335,7.960000000000001,-25.92,-1.4537353515625,-0.248291015625,0.9488525390625,0.426829268292683,1.402439024390244,-0.3658536585365854,0.0,0.0,0.0,0,0,0,
2024-08-01T01:14:08.980241,30.013333333333335,7.960000000000001,-25.90666666666667,-1.4580078125,-0.24560546875,0.9490966796875,0.426829268292683,1.402439024390244,-0.30487804878048785,0.0,0.0,0.0,0,0,0,
2024-08-01T01:14:08.993997,30.013333333333335,7.973333333333334,-25.90666666666667,-1.4591064453125,-0.247314453125,0.952392578125,0.24390243902439027,1.0365853658536586,-0.426829268292683,0.0,0.0,0.0,0,0,0,
2024-08-01T01:14:09.005809,30.013333333333335,7.973333333333334,-25.90666666666667,-1.4580078125,-0.24658203125,0.95263671875,0.09146341463414635,1.0365853658536586,-0.06097560975609757,0.0,0.0,0.0,0,0,0,
2024-08-01T01:14:09.019040,30.013333333333335,7.880000000000001,-25.880000000000003,-1.455078125,-0.2440185546875,0.951904296875,0.24390243902439027,1.1585365853658538,-0.30487804878048785,0.0,0.0,0.0,0,0,0,
2024-08-01T01:14:09.032339,30.013333333333335,7.973333333333334,-25.76,-1.456787109375,-0.2452392578125,0.949462890625,0.48780487804878053,1.4329268292682928,-0.27439024390243905,0.0,0.0,0.0,0,0,0,
2024-08-01T01:14:09.045224,30.000000000000004,8.0,-25.773333333333333,-1.4560546875,-0.2421875,0.950439453125,0.3353658536585366,1.524390243902439,-0.48780487804878053,0.0,0.0,0.0,0,0,0,
2024-08-01T01:14:09.058299,29.973333333333336,7.960000000000001,-25.933333333333334,-1.4578857421875,-0.2415771484375,0.94482421875,0.030487804878048783,1.1585365853658538,-0.09146341463414635,0.0,0.0,0.0,0,0,0,
2024-08-01T01:14:09.071365,29.880000000000003,7.973333333333334,-25.840000000000003,-1.4549560546875,-0.2431640625,0.95166015625,0.06097560975609757,1.2804878048780488,-0.09146341463414635,0.0,0.0,0.0,0,0,0,
2024-08-01T01:14:09.084498,30.000000000000004,8.013333333333334,-26.026666666666667,-1.4539794921875,-0.24267578125,0.951171875,0.3658536585365854,1.0365853658536586,-0.4573170731707317,0.0,0.0,0.0,0,0,0,
2024-08-01T01:14:09.098533,29.986666666666668,7.906666666666667,-25.90666666666667,-1.4588623046875,-0.24658203125,0.9537353515625,0.3353658536585366,0.8231707317073171,-0.1829268292682927,0.0,0.0,0.0,0,0,0,
2024-08-01T01:14:09.110767,29.866666666666667,7.840000000000001,-25.973333333333336,-1.458984375,-0.2467041015625,0.9488525390625,0.12195121951219513,1.676829268292683,-0.30487804878048785,0.0,0.0,0.0,0,0,0,
2024-08-01T01:14:09.123984,30.160000000000004,7.960000000000001,-25.92,-1.4539794921875,-0.24267578125,0.949462890625,-0.030487804878048783,1.7682926829268295,-0.15243902439024393,0.0,0.0,0.0,0,0,0,
2024-08-01T01:14:09.138481,29.973333333333336,7.840000000000001,-25.880000000000003,-1.4498291015625,-0.240478515625,0.9501953125,0.1829268292682927,1.0365853658536586,-0.1829268292682927,0.0,0.0,0.0,0,0,0,
2024-08-01T01:14:09.151297,30.053333333333335,7.880000000000001,-25.893333333333334,-1.4498291015625,-0.24658203125,0.950439453125,0.6707317073170732,0.9756097560975611,-0.48780487804878053,0.0,0.0,0.0,0,0,0,
2024-08-01T01:14:09.163204,29.78666666666667,7.8133333333333335,-25.893333333333334,-1.458984375,-0.2498779296875,0.9537353515625,0.426829268292683,1.128048780487805,-0.27439024390243905,0.0,0.0,0.0,0,0,0,
2024-08-01T01:14:09.176620,29.92,8.026666666666667,-25.893333333333334,-1.4610595703125,-0.244873046875,0.9515380859375,-0.2134146341463415,1.2195121951219514,-0.09146341463414635,0.0,0.0,0.0,0,0,0,
2024-08-01T01:14:09.189451,30.013333333333335,7.973333333333334,-25.840000000000003,-1.4539794921875,-0.24609375,0.9510498046875,0.15243902439024393,1.707317073170732,-0.2134146341463415,0.0,0.0,0.0,0,0,0,
2024-08-01T01:14:09.203552,30.026666666666667,7.946666666666667,-25.880000000000003,-1.4532470703125,-0.2445068359375,0.952392578125,0.2134146341463415,1.524390243902439,-0.426829268292683,0.0,0.0,0.0,0,0,0,
2024-08-01T01:14:09.216411,30.026666666666667,7.946666666666667,-25.90666666666667,-1.4559326171875,-0.24560546875,0.9505615234375,0.2134146341463415,1.524390243902439,-0.5182926829268293,0.0,0.0,0.0,0,0,0,
2024-08-01T01:14:09.230773,30.026666666666667,7.986666666666667,-25.893333333333334,-1.455810546875,-0.24560546875,0.9552001953125,0.27439024390243905,0.853658536585366,-0.2134146341463415,0.0,0.0,0.0,0,0,0,
2024-08-01T01:14:09.241933,30.026666666666667,7.986666666666667,-25.893333333333334,-1.45556640625,-0.2442626953125,0.9539794921875,0.27439024390243905,1.0975609756097562,-0.1829268292682927,0.0,0.0,0.0,0,0,0,
2024-08-01T01:14:09.256453,30.013333333333335,7.933333333333334,-25.92,-1.4508056640625,-0.2484130859375,0.95263671875,0.2134146341463415,1.524390243902439,-0.426829268292683,0.0,0.0,0.0,0,0,0,
2024-08-01T01:14:09.268825,30.040000000000003,7.8933333333333335,-25.94666666666667,-1.4515380859375,-0.2445068359375,0.9521484375,0.5792682926829269,1.4634146341463417,-0.39634146341463417,0.0,0.0,0.0,0,0,0,
2024-08-01T01:14:09.283945,29.933333333333334,7.973333333333334,-25.78666666666667,-1.4537353515625,-0.2470703125,0.9488525390625,0.2134146341463415,1.524390243902439,-0.3353658536585366,0.0,0.0,0.0,0,0,0,
2024-08-01T01:14:09.294990,30.040000000000003,7.960000000000001,-25.94666666666667,-1.4541015625,-0.2442626953125,0.951904296875,0.426829268292683,1.0670731707317074,-0.15243902439024393,0.0,0.0,0.0,0,0,0,
2024-08-01T01:14:09.307326,29.76,7.960000000000001,-25.773333333333333,-1.45751953125,-0.2432861328125,0.9530029296875,0.06097560975609757,1.1890243902439026,-0.3353658536585366,0.0,0.0,0.0,0,0,0,
2024-08-01T01:14:09.321776,30.06666666666667,8.026666666666667,-25.973333333333336,-1.45361328125,-0.2447509765625,0.9481201171875,0.39634146341463417,1.1890243902439026,-0.5182926829268293,0.0,0.0,0.0,0,0,0,
2024-08-01T01:14:09.335199,29.94666666666667,7.986666666666667,-26.0,-1.464111328125,-0.248779296875,0.9515380859375,0.09146341463414635,1.524390243902439,-0.39634146341463417,0.0,0.0,0.0,0,0,0,
2024-08-01T01:14:09.346755,30.026666666666667,7.866666666666667,-26.0,-1.454833984375,-0.242431640625,0.951416015625,0.06097560975609757,1.5853658536585367,-0.09146341463414635,0.0,0.0,0.0,0,0,0,
2024-08-01T01:14:09.359924,30.133333333333336,8.013333333333334,-25.90666666666667,-1.4512939453125,-0.2467041015625,0.9522705078125,0.0,1.3719512195121952,-0.2134146341463415,0.0,0.0,0.0,0,0,0,
2024-08-01T01:14:09.372974,29.986666666666668,7.906666666666667,-25.92,-1.44873046875,-0.241455078125,0.9542236328125,0.24390243902439027,1.25,-0.30487804878048785,0.0,0.0,0.0,0,0,0,
2024-08-01T01:14:09.386955,30.026666666666667,8.08,-25.880000000000003,-1.453369140625,-0.2445068359375,0.9522705078125,0.48780487804878053,1.3414634146341464,-0.30487804878048785,0.0,0.0,0.0,0,0,0,
2024-08-01T01:14:09.399376,29.973333333333336,8.093333333333334,-25.893333333333334,-1.455810546875,-0.24951171875,0.952880859375,0.426829268292683,1.0975609756097562,-0.27439024390243905,0.0,0.0,0.0,0,0,0,
2024-08-01T01:14:09.412536,29.973333333333336,7.866666666666667,-25.893333333333334,-1.4580078125,-0.2481689453125,0.9486083984375,0.15243902439024393,1.3414634146341464,-0.15243902439024393,0.0,0.0,0.0,0,0,0,
2024-08-01T01:14:09.425577,29.986666666666668,8.0,-25.90666666666667,-1.4537353515625,-0.239013671875,0.94580078125,0.0,1.4939024390243905,-0.2134146341463415,0.0,0.0,0.0,0,0,0,
2024-08-01T01:14:09.438810,30.013333333333335,8.0,-25.90666666666667,-1.4476318359375,-0.242431640625,0.9517822265625,0.5487804878048781,1.8902439024390245,-0.5792682926829269,0.0,0.0,0.0,0,0,0,
2024-08-01T01:14:09.452892,30.013333333333335,7.973333333333334,-25.893333333333334,-1.453857421875,-0.2410888671875,0.9539794921875,0.3658536585365854,1.1585365853658538,-0.426829268292683,0.0,0.0,0.0,0,0,0,
2024-08-01T01:14:09.464878,30.013333333333335,7.973333333333334,-25.893333333333334,-1.4539794921875,-0.2442626953125,0.951171875,0.5182926829268293,1.0060975609756098,-0.48780487804878053,0.0,0.0,0.0,0,0,0,
2024-08-01T01:14:09.478937,30.013333333333335,7.973333333333334,-25.853333333333335,-1.4615478515625,-0.2476806640625,0.953369140625,0.1829268292682927,1.0365853658536586,-0.2134146341463415,0.0,0.0,0.0,0,0,0,
2024-08-01T01:14:09.491192,29.986666666666668,7.986666666666667,-25.973333333333336,-1.4569091796875,-0.243896484375,0.95068359375,0.30487804878048785,1.4634146341463417,-0.06097560975609757,0.0,0.0,0.0,0,0,0,
2024-08-01T01:14:09.504536,29.94666666666667,7.946666666666667,-25.76,-1.447265625,-0.242431640625,0.953369140625,0.6097560975609757,1.7987804878048783,-0.6402439024390244,0.0,0.0,0.0,0,0,0,
2024-08-01T01:14:09.518292,30.000000000000004,7.973333333333334,-25.880000000000003,-1.4588623046875,-0.2471923828125,0.94970703125,0.27439024390243905,1.6158536585365855,-0.5792682926829269,0.0,0.0,0.0,0,0,0,
2024-08-01T01:14:09.530512,29.880000000000003,8.066666666666666,-25.866666666666667,-1.4619140625,-0.2437744140625,0.9552001953125,-0.09146341463414635,0.9451219512195123,-0.12195121951219513,0.0,0.0,0.0,0,0,0,
2024-08-01T01:14:09.543538,29.866666666666667,7.973333333333334,-25.853333333333335,-1.4520263671875,-0.245849609375,0.950927734375,0.24390243902439027,0.48780487804878053,-0.030487804878048783,0.0,0.0,0.0,0,0,0,
2024-08-01T01:14:09.556898,30.080000000000002,7.960000000000001,-25.973333333333336,-1.4527587890625,-0.2432861328125,0.9462890625,0.27439024390243905,1.3719512195121952,-0.6097560975609757,0.0,0.0,0.0,0,0,0,
2024-08-01T01:14:09.570548,29.986666666666668,7.986666666666667,-25.94666666666667,-1.456787109375,-0.2467041015625,0.94873046875,0.5182926829268293,1.7987804878048783,-0.5182926829268293,0.0,0.0,0.0,0,0,0,
2024-08-01T01:14:09.582892,29.866666666666667,7.800000000000001,-25.866666666666667,-1.460693359375,-0.2470703125,0.950927734375,0.09146341463414635,1.7682926829268295,-0.2134146341463415,0.0,0.0,0.0,0,0,0,
2024-08-01T01:14:09.596048,30.10666666666667,8.013333333333334,-25.90666666666667,-1.4527587890625,-0.2462158203125,0.9501953125,0.1829268292682927,1.2195121951219514,-0.3353658536585366,0.0,0.0,0.0,0,0,0,
2024-08-01T01:14:09.609160,29.986666666666668,7.920000000000001,-25.92,-1.4488525390625,-0.24462890625,0.9515380859375,0.30487804878048785,0.9146341463414634,-0.12195121951219513,0.0,0.0,0.0,0,0,0,
2024-08-01T01:14:09.623269,29.986666666666668,8.026666666666667,-25.90666666666667,-1.4544677734375,-0.2484130859375,0.9500732421875,0.7926829268292683,0.9756097560975611,-0.30487804878048785,0.0,0.0,0.0,0,0,0,
2024-08-01T01:14:09.635377,30.013333333333335,7.973333333333334,-25.90666666666667,-1.4576416015625,-0.250244140625,0.95166015625,0.426829268292683,1.0975609756097562,-0.27439024390243905,0.0,0.0,0.0,0,0,0,
